29,37,1,10.8
29,37,2,19.
29,37,3,17.6
29,37,4,15.200000000000001
29,37,5,15.3
29,37,6,17.900000000000002
29,37,7,21.900000000000002
29,37,8,23.
29,37,9,31.8
29,37,10,31.3
29,37,11,35.800000000000004
29,37,12,41.5
29,37,13,46.6
29,37,14,53.
29,37,15,60.1
29,37,16,61.
29,37,17,64.5
29,37,18,73.8
29,37,19,75.8
29,37,20,71.9
29,37,21,83.
29,37,22,92.80000000000001
29,37,23,87.80000000000001
29,37,24,96.
29,37,25,88.5
29,37,26,93.2
29,37,27,114.60000000000001
29,37,28,87.5
29,37,29,101.60000000000001
29,37,30,90.10000000000001
29,37,31,102.
29,37,32,104.9
29,37,33,118.4
29,37,34,130.1
29,37,35,132.
29,37,36,127.5
29,37,37,137.1
29,37,38,113.30000000000001
29,37,39,94.
29,37,40,86.80000000000001
29,37,41,88.9
29,37,42,71.3
29,37,43,64.8
29,37,44,58.300000000000004
29,37,45,48.400000000000006
29,37,46,46.7
29,37,47,36.9
29,37,48,32.9
29,37,49,24.400000000000002
29,37,50,21.1
29,37,51,13.8
29,37,52,11.700000000000001
29,38,1,13.600000000000001
29,38,2,21.1
29,38,3,20.900000000000002
29,38,4,17.6
29,38,5,18.2
29,38,6,20.700000000000003
29,38,7,23.6
29,38,8,24.400000000000002
29,38,9,33.9
29,38,10,31.400000000000002
29,38,11,34.4
29,38,12,40.6
29,38,13,43.6
29,38,14,50.2
29,38,15,56.300000000000004
29,38,16,58.7
29,38,17,63.800000000000004
29,38,18,74.9
29,38,19,75.8
29,38,20,71.8
29,38,21,85.
29,38,22,105.5
29,38,23,97.5
29,38,24,110.10000000000001
29,38,25,95.60000000000001
29,38,26,101.30000000000001
29,38,27,125.
29,38,28,97.60000000000001
29,38,29,113.2
29,38,30,100.2
29,38,31,112.
29,38,32,112.30000000000001
29,38,33,123.4
29,38,34,138.20000000000002
29,38,35,149.8
29,38,36,133.5
29,38,37,156.
29,38,38,118.7
29,38,39,95.
29,38,40,90.
29,38,41,93.
29,38,42,74.10000000000001
29,38,43,65.
29,38,44,58.1
29,38,45,49.900000000000006
29,38,46,47.5
29,38,47,40.1
29,38,48,38.
29,38,49,28.5
29,38,50,25.700000000000003
29,38,51,17.6
29,38,52,15.3
29,39,1,13.8
29,39,2,20.200000000000003
29,39,3,20.400000000000002
29,39,4,15.9
29,39,5,17.6
29,39,6,18.8
29,39,7,20.6
29,39,8,20.8
29,39,9,26.200000000000003
29,39,10,25.
29,39,11,25.6
29,39,12,29.8
29,39,13,30.6
29,39,14,34.1
29,39,15,39.900000000000006
29,39,16,43.800000000000004
29,39,17,50.
29,39,18,60.900000000000006
29,39,19,63.7
29,39,20,62.300000000000004
29,39,21,77.7
29,39,22,110.4
29,39,23,103.80000000000001
29,39,24,127.80000000000001
29,39,25,99.30000000000001
29,39,26,102.9
29,39,27,129.4
29,39,28,103.2
29,39,29,116.4
29,39,30,100.4
29,39,31,112.5
29,39,32,111.10000000000001
29,39,33,121.30000000000001
29,39,34,135.9
29,39,35,154.3
29,39,36,124.10000000000001
29,39,37,172.9
29,39,38,114.10000000000001
29,39,39,88.30000000000001
29,39,40,83.30000000000001
29,39,41,86.9
29,39,42,74.60000000000001
29,39,43,56.6
29,39,44,55.800000000000004
29,39,45,45.7
29,39,46,41.300000000000004
29,39,47,37.300000000000004
29,39,48,37.1
29,39,49,28.200000000000003
29,39,50,25.400000000000002
29,39,51,18.3
29,39,52,16.
29,40,1,13.
29,40,2,18.900000000000002
29,40,3,19.700000000000003
29,40,4,14.200000000000001
29,40,5,17.6
29,40,6,16.3
29,40,7,18.7
29,40,8,19.
29,40,9,19.6
29,40,10,20.8
29,40,11,20.900000000000002
29,40,12,22.1
29,40,13,22.3
29,40,14,22.1
29,40,15,27.700000000000003
29,40,16,32.9
29,40,17,37.1
29,40,18,47.300000000000004
29,40,19,54.6
29,40,20,56.400000000000006
29,40,21,71.60000000000001
29,40,22,109.9
29,40,23,107.60000000000001
29,40,24,143.1
29,40,25,100.60000000000001
29,40,26,97.60000000000001
29,40,27,126.5
29,40,28,102.9
29,40,29,105.60000000000001
29,40,30,85.9
29,40,31,104.5
29,40,32,99.10000000000001
29,40,33,116.60000000000001
29,40,34,126.4
29,40,35,143.4
29,40,36,110.60000000000001
29,40,37,182.3
29,40,38,110.60000000000001
29,40,39,86.
29,40,40,80.9
29,40,41,81.9
29,40,42,79.30000000000001
29,40,43,53.2
29,40,44,58.900000000000006
29,40,45,42.
29,40,46,36.1
29,40,47,33.300000000000004
29,40,48,35.
29,40,49,27.400000000000002
29,40,50,23.8
29,40,51,17.5
29,40,52,15.
29,41,1,13.3
29,41,2,19.200000000000003
29,41,3,22.1
29,41,4,14.4
29,41,5,20.400000000000002
29,41,6,16.
29,41,7,20.5
29,41,8,21.700000000000003
29,41,9,21.200000000000003
29,41,10,23.1
29,41,11,23.400000000000002
29,41,12,23.8
29,41,13,24.
29,41,14,23.400000000000002
29,41,15,30.3
29,41,16,34.1
29,41,17,38.400000000000006
29,41,18,48.300000000000004
29,41,19,60.5
29,41,20,63.5
29,41,21,75.10000000000001
29,41,22,111.5
29,41,23,112.2
29,41,24,137.20000000000002
29,41,25,96.
29,41,26,85.7
29,41,27,113.
29,41,28,94.60000000000001
29,41,29,85.2
29,41,30,63.400000000000006
29,41,31,85.60000000000001
29,41,32,75.7
29,41,33,103.5
29,41,34,102.5
29,41,35,121.7
29,41,36,96.
29,41,37,162.3
29,41,38,115.7
29,41,39,86.60000000000001
29,41,40,84.
29,41,41,82.10000000000001
29,41,42,78.4
29,41,43,57.
29,41,44,67.5
29,41,45,44.5
29,41,46,38.6
29,41,47,34.800000000000004
29,41,48,35.800000000000004
29,41,49,30.1
29,41,50,26.
29,41,51,17.6
29,41,52,15.4
29,42,1,12.9
29,42,2,19.6
29,42,3,27.200000000000003
29,42,4,15.200000000000001
29,42,5,18.400000000000002
29,42,6,17.1
29,42,7,23.200000000000003
29,42,8,24.5
29,42,9,22.8
29,42,10,25.400000000000002
29,42,11,25.6
29,42,12,26.1
29,42,13,27.1
29,42,14,24.400000000000002
29,42,15,34.2
29,42,16,34.9
29,42,17,41.900000000000006
29,42,18,47.800000000000004
29,42,19,60.5
29,42,20,67.60000000000001
29,42,21,74.60000000000001
29,42,22,108.4
29,42,23,115.7
29,42,24,121.80000000000001
29,42,25,82.4
29,42,26,75.10000000000001
29,42,27,94.9
29,42,28,80.5
29,42,29,64.7
29,42,30,47.
29,42,31,67.8
29,42,32,57.7
29,42,33,87.
29,42,34,74.2
29,42,35,102.10000000000001
29,42,36,84.60000000000001
29,42,37,133.8
29,42,38,117.10000000000001
29,42,39,85.60000000000001
29,42,40,79.5
29,42,41,84.5
29,42,42,80.4
29,42,43,55.300000000000004
29,42,44,64.3
29,42,45,44.6
29,42,46,39.400000000000006
29,42,47,34.6
29,42,48,33.7
29,42,49,30.700000000000003
29,42,50,26.700000000000003
29,42,51,17.6
29,42,52,14.8
29,43,1,13.3
29,43,2,20.400000000000002
29,43,3,25.3
29,43,4,15.8
29,43,5,18.6
29,43,6,19.3
29,43,7,22.700000000000003
29,43,8,26.8
29,43,9,24.700000000000003
29,43,10,31.200000000000003
29,43,11,28.400000000000002
29,43,12,28.8
29,43,13,27.5
29,43,14,25.6
29,43,15,33.2
29,43,16,36.9
29,43,17,46.7
29,43,18,49.2
29,43,19,58.2
29,43,20,72.5
29,43,21,80.30000000000001
29,43,22,107.30000000000001
29,43,23,115.5
29,43,24,110.7
29,43,25,72.9
29,43,26,68.60000000000001
29,43,27,74.9
29,43,28,71.2
29,43,29,50.300000000000004
29,43,30,39.800000000000004
29,43,31,55.5
29,43,32,44.800000000000004
29,43,33,65.8
29,43,34,59.7
29,43,35,92.7
29,43,36,77.4
29,43,37,113.7
29,43,38,117.9
29,43,39,85.7
29,43,40,79.2
29,43,41,86.30000000000001
29,43,42,80.30000000000001
29,43,43,53.
29,43,44,60.300000000000004
29,43,45,46.5
29,43,46,42.2
29,43,47,36.300000000000004
29,43,48,34.800000000000004
29,43,49,29.900000000000002
29,43,50,26.400000000000002
29,43,51,17.7
29,43,52,15.3
29,44,1,14.200000000000001
29,44,2,22.1
29,44,3,23.
29,44,4,16.7
29,44,5,18.8
29,44,6,21.
29,44,7,21.6
29,44,8,27.700000000000003
29,44,9,25.
29,44,10,32.1
29,44,11,29.8
29,44,12,29.5
29,44,13,26.400000000000002
29,44,14,26.3
29,44,15,32.1
29,44,16,37.800000000000004
29,44,17,45.2
29,44,18,46.6
29,44,19,58.1
29,44,20,68.8
29,44,21,80.30000000000001
29,44,22,100.60000000000001
29,44,23,105.10000000000001
29,44,24,95.80000000000001
29,44,25,67.10000000000001
29,44,26,60.300000000000004
29,44,27,59.2
29,44,28,57.
29,44,29,35.7
29,44,30,30.6
29,44,31,40.900000000000006
29,44,32,33.800000000000004
29,44,33,45.400000000000006
29,44,34,46.
29,44,35,74.8
29,44,36,66.3
29,44,37,98.80000000000001
29,44,38,111.4
29,44,39,81.9
29,44,40,76.2
29,44,41,82.2
29,44,42,72.8
29,44,43,47.300000000000004
29,44,44,58.
29,44,45,43.300000000000004
29,44,46,50.400000000000006
29,44,47,37.1
29,44,48,38.5
29,44,49,29.5
29,44,50,27.8
29,44,51,18.6
29,44,52,17.8
29,45,1,14.8
29,45,2,24.400000000000002
29,45,3,22.1
29,45,4,16.7
29,45,5,19.200000000000003
29,45,6,23.3
29,45,7,22.200000000000003
29,45,8,28.5
29,45,9,25.8
29,45,10,35.7
29,45,11,32.4
29,45,12,31.1
29,45,13,27.8
29,45,14,28.6
29,45,15,34.
29,45,16,40.5
29,45,17,43.5
29,45,18,47.6
29,45,19,64.3
29,45,20,65.10000000000001
29,45,21,82.4
29,45,22,93.7
29,45,23,96.80000000000001
29,45,24,86.30000000000001
29,45,25,59.1
29,45,26,57.300000000000004
29,45,27,49.800000000000004
29,45,28,45.
29,45,29,27.1
29,45,30,21.700000000000003
29,45,31,26.5
29,45,32,26.5
29,45,33,32.1
29,45,34,35.5
29,45,35,62.300000000000004
29,45,36,54.7
29,45,37,88.30000000000001
29,45,38,97.5
29,45,39,74.5
29,45,40,69.3
29,45,41,82.
29,45,42,62.2
29,45,43,42.1
29,45,44,55.1
29,45,45,41.800000000000004
29,45,46,50.300000000000004
29,45,47,39.800000000000004
29,45,48,37.5
29,45,49,29.1
29,45,50,29.1
29,45,51,18.5
29,45,52,20.1
29,46,1,16.1
29,46,2,26.5
29,46,3,22.5
29,46,4,17.
29,46,5,20.1
29,46,6,26.1
29,46,7,22.6
29,46,8,29.700000000000003
29,46,9,26.700000000000003
29,46,10,36.6
29,46,11,35.4
29,46,12,32.4
29,46,13,30.700000000000003
29,46,14,30.5
29,46,15,34.6
29,46,16,46.1
29,46,17,43.6
29,46,18,48.6
29,46,19,69.
29,46,20,61.
29,46,21,81.4
29,46,22,88.30000000000001
29,46,23,88.9
29,46,24,77.80000000000001
29,46,25,48.7
29,46,26,53.300000000000004
29,46,27,40.800000000000004
29,46,28,33.7
29,46,29,21.1
29,46,30,15.700000000000001
29,46,31,17.
29,46,32,20.200000000000003
29,46,33,22.3
29,46,34,27.200000000000003
29,46,35,49.7
29,46,36,46.
29,46,37,76.9
29,46,38,80.80000000000001
29,46,39,70.
29,46,40,63.6
29,46,41,79.80000000000001
29,46,42,53.1
29,46,43,40.300000000000004
29,46,44,53.
29,46,45,42.
29,46,46,45.400000000000006
29,46,47,40.7
29,46,48,36.
29,46,49,30.6
29,46,50,30.3
29,46,51,19.1
29,46,52,20.3
29,47,1,16.7
29,47,2,28.
29,47,3,23.200000000000003
29,47,4,17.400000000000002
29,47,5,21.1
29,47,6,27.200000000000003
29,47,7,22.8
29,47,8,30.8
29,47,9,27.6
29,47,10,35.
29,47,11,35.300000000000004
29,47,12,33.7
29,47,13,34.4
29,47,14,30.200000000000003
29,47,15,34.2
29,47,16,46.900000000000006
29,47,17,44.2
29,47,18,49.2
29,47,19,68.4
29,47,20,59.1
29,47,21,78.30000000000001
29,47,22,81.80000000000001
29,47,23,79.
29,47,24,66.4
29,47,25,38.900000000000006
29,47,26,46.900000000000006
29,47,27,31.900000000000002
29,47,28,24.700000000000003
29,47,29,15.9
29,47,30,11.3
29,47,31,11.4
29,47,32,16.
29,47,33,15.5
29,47,34,21.200000000000003
29,47,35,39.900000000000006
29,47,36,42.2
29,47,37,62.6
29,47,38,65.10000000000001
29,47,39,68.7
29,47,40,57.800000000000004
29,47,41,73.4
29,47,42,47.800000000000004
29,47,43,40.7
29,47,44,50.7
29,47,45,40.
29,47,46,40.400000000000006
29,47,47,38.6
29,47,48,34.9
29,47,49,34.
29,47,50,31.3
29,47,51,19.8
29,47,52,19.6
30,37,1,7.6000000000000005
30,37,2,14.5
30,37,3,13.3
30,37,4,10.4
30,37,5,11.5
30,37,6,12.8
30,37,7,17.
30,37,8,16.8
30,37,9,21.5
30,37,10,23.1
30,37,11,27.400000000000002
30,37,12,30.900000000000002
30,37,13,34.6
30,37,14,38.2
30,37,15,45.5
30,37,16,44.7
30,37,17,49.800000000000004
30,37,18,56.400000000000006
30,37,19,61.1
30,37,20,57.5
30,37,21,67.5
30,37,22,76.3
30,37,23,70.4
30,37,24,78.60000000000001
30,37,25,75.3
30,37,26,80.
30,37,27,93.2
30,37,28,71.60000000000001
30,37,29,78.80000000000001
30,37,30,70.7
30,37,31,83.60000000000001
30,37,32,83.30000000000001
30,37,33,98.2
30,37,34,110.60000000000001
30,37,35,112.30000000000001
30,37,36,110.
30,37,37,110.
30,37,38,88.80000000000001
30,37,39,74.3
30,37,40,68.4
30,37,41,70.4
30,37,42,54.400000000000006
30,37,43,52.900000000000006
30,37,44,47.2
30,37,45,38.400000000000006
30,37,46,36.6
30,37,47,28.5
30,37,48,25.
30,37,49,18.7
30,37,50,15.8
30,37,51,10.700000000000001
30,37,52,8.8
30,38,1,10.5
30,38,2,17.
30,38,3,16.7
30,38,4,13.4
30,38,5,15.200000000000001
30,38,6,17.
30,38,7,20.900000000000002
30,38,8,20.400000000000002
30,38,9,27.3
30,38,10,26.6
30,38,11,30.400000000000002
30,38,12,35.300000000000004
30,38,13,36.5
30,38,14,41.400000000000006
30,38,15,48.1
30,38,16,48.1
30,38,17,53.300000000000004
30,38,18,60.7
30,38,19,63.800000000000004
30,38,20,59.
30,38,21,70.7
30,38,22,86.4
30,38,23,77.80000000000001
30,38,24,89.10000000000001
30,38,25,79.60000000000001
30,38,26,85.30000000000001
30,38,27,100.30000000000001
30,38,28,78.5
30,38,29,86.10000000000001
30,38,30,76.2
30,38,31,90.
30,38,32,86.2
30,38,33,98.9
30,38,34,117.5
30,38,35,126.60000000000001
30,38,36,115.7
30,38,37,126.4
30,38,38,93.7
30,38,39,77.60000000000001
30,38,40,73.10000000000001
30,38,41,75.8
30,38,42,57.800000000000004
30,38,43,54.2
30,38,44,48.1
30,38,45,39.900000000000006
30,38,46,38.800000000000004
30,38,47,31.5
30,38,48,29.400000000000002
30,38,49,22.700000000000003
30,38,50,19.8
30,38,51,14.
30,38,52,12.
30,39,1,15.4
30,39,2,21.3
30,39,3,21.900000000000002
30,39,4,18.1
30,39,5,21.200000000000003
30,39,6,23.5
30,39,7,28.200000000000003
30,39,8,26.8
30,39,9,36.9
30,39,10,34.
30,39,11,38.2
30,39,12,45.5
30,39,13,44.5
30,39,14,50.900000000000006
30,39,15,57.2
30,39,16,58.800000000000004
30,39,17,62.900000000000006
30,39,18,71.9
30,39,19,73.10000000000001
30,39,20,68.
30,39,21,81.
30,39,22,101.4
30,39,23,95.7
30,39,24,113.
30,39,25,91.
30,39,26,96.4
30,39,27,112.9
30,39,28,92.7
30,39,29,98.10000000000001
30,39,30,82.10000000000001
30,39,31,99.9
30,39,32,91.7
30,39,33,106.30000000000001
30,39,34,130.9
30,39,35,141.3
30,39,36,122.80000000000001
30,39,37,156.20000000000002
30,39,38,106.4
30,39,39,92.60000000000001
30,39,40,86.9
30,39,41,92.9
30,39,42,73.4
30,39,43,60.7
30,39,44,57.400000000000006
30,39,45,46.6
30,39,46,45.6
30,39,47,39.6
30,39,48,37.5
30,39,49,30.5
30,39,50,26.400000000000002
30,39,51,18.5
30,39,52,16.3
30,40,1,16.900000000000002
30,40,2,22.5
30,40,3,24.700000000000003
30,40,4,19.3
30,40,5,24.200000000000003
30,40,6,24.3
30,40,7,29.
30,40,8,27.400000000000002
30,40,9,34.7
30,40,10,33.300000000000004
30,40,11,37.
30,40,12,42.7
30,40,13,40.800000000000004
30,40,14,45.2
30,40,15,50.7
30,40,16,54.300000000000004
30,40,17,58.
30,40,18,68.10000000000001
30,40,19,70.9
30,40,20,69.8
30,40,21,83.2
30,40,22,108.9
30,40,23,108.30000000000001
30,40,24,134.9
30,40,25,99.2
30,40,26,98.80000000000001
30,40,27,116.5
30,40,28,99.60000000000001
30,40,29,97.4
30,40,30,76.
30,40,31,99.10000000000001
30,40,32,88.2
30,40,33,109.5
30,40,34,129.8
30,40,35,136.
30,40,36,116.10000000000001
30,40,37,172.
30,40,38,111.80000000000001
30,40,39,98.10000000000001
30,40,40,91.4
30,40,41,98.60000000000001
30,40,42,83.7
30,40,43,63.5
30,40,44,65.7
30,40,45,49.800000000000004
30,40,46,47.300000000000004
30,40,47,42.300000000000004
30,40,48,41.6
30,40,49,34.7
30,40,50,30.400000000000002
30,40,51,20.900000000000002
30,40,52,18.2
30,41,1,13.4
30,41,2,18.6
30,41,3,20.700000000000003
30,41,4,14.600000000000001
30,41,5,20.
30,41,6,16.5
30,41,7,19.700000000000003
30,41,8,22.400000000000002
30,41,9,20.700000000000003
30,41,10,22.6
30,41,11,23.200000000000003
30,41,12,23.700000000000003
30,41,13,22.8
30,41,14,23.400000000000002
30,41,15,30.1
30,41,16,33.4
30,41,17,37.1
30,41,18,47.400000000000006
30,41,19,57.7
30,41,20,61.800000000000004
30,41,21,74.60000000000001
30,41,22,107.2
30,41,23,110.80000000000001
30,41,24,130.9
30,41,25,100.9
30,41,26,90.60000000000001
30,41,27,111.80000000000001
30,41,28,97.9
30,41,29,87.
30,41,30,67.60000000000001
30,41,31,97.10000000000001
30,41,32,80.4
30,41,33,114.2
30,41,34,112.2
30,41,35,121.2
30,41,36,102.30000000000001
30,41,37,158.10000000000002
30,41,38,113.
30,41,39,86.
30,41,40,85.10000000000001
30,41,41,86.80000000000001
30,41,42,76.5
30,41,43,55.5
30,41,44,62.
30,41,45,42.5
30,41,46,36.5
30,41,47,33.
30,41,48,32.5
30,41,49,28.1
30,41,50,24.8
30,41,51,18.1
30,41,52,15.5
30,42,1,13.5
30,42,2,19.700000000000003
30,42,3,24.6
30,42,4,15.5
30,42,5,18.6
30,42,6,17.900000000000002
30,42,7,22.400000000000002
30,42,8,24.700000000000003
30,42,9,23.
30,42,10,25.1
30,42,11,26.400000000000002
30,42,12,25.900000000000002
30,42,13,26.5
30,42,14,24.400000000000002
30,42,15,33.9
30,42,16,35.5
30,42,17,41.2
30,42,18,48.800000000000004
30,42,19,61.900000000000006
30,42,20,68.2
30,42,21,77.30000000000001
30,42,22,108.7
30,42,23,117.30000000000001
30,42,24,120.9
30,42,25,88.9
30,42,26,78.10000000000001
30,42,27,96.4
30,42,28,83.80000000000001
30,42,29,64.4
30,42,30,50.
30,42,31,77.60000000000001
30,42,32,59.2
30,42,33,94.9
30,42,34,80.60000000000001
30,42,35,102.
30,42,36,88.4
30,42,37,133.6
30,42,38,111.4
30,42,39,85.60000000000001
30,42,40,87.
30,42,41,91.10000000000001
30,42,42,82.10000000000001
30,42,43,54.900000000000006
30,42,44,62.400000000000006
30,42,45,44.7
30,42,46,38.400000000000006
30,42,47,34.300000000000004
30,42,48,32.4
30,42,49,29.900000000000002
30,42,50,26.5
30,42,51,19.200000000000003
30,42,52,15.600000000000001
30,43,1,13.5
30,43,2,20.400000000000002
30,43,3,23.
30,43,4,16.6
30,43,5,18.5
30,43,6,19.200000000000003
30,43,7,22.1
30,43,8,25.6
30,43,9,24.700000000000003
30,43,10,29.700000000000003
30,43,11,28.200000000000003
30,43,12,28.900000000000002
30,43,13,26.200000000000003
30,43,14,26.200000000000003
30,43,15,32.4
30,43,16,36.9
30,43,17,45.1
30,43,18,49.2
30,43,19,58.7
30,43,20,71.60000000000001
30,43,21,83.10000000000001
30,43,22,106.9
30,43,23,115.2
30,43,24,111.2
30,43,25,78.
30,43,26,69.5
30,43,27,77.10000000000001
30,43,28,73.3
30,43,29,49.1
30,43,30,41.800000000000004
30,43,31,61.2
30,43,32,46.800000000000004
30,43,33,71.8
30,43,34,62.900000000000006
30,43,35,95.10000000000001
30,43,36,76.7
30,43,37,118.30000000000001
30,43,38,111.60000000000001
30,43,39,83.9
30,43,40,86.7
30,43,41,90.4
30,43,42,82.80000000000001
30,43,43,52.1
30,43,44,59.800000000000004
30,43,45,45.6
30,43,46,38.2
30,43,47,34.1
30,43,48,32.5
30,43,49,30.400000000000002
30,43,50,25.900000000000002
30,43,51,18.
30,43,52,16.2
30,44,1,14.100000000000001
30,44,2,21.3
30,44,3,22.1
30,44,4,17.6
30,44,5,19.
30,44,6,20.900000000000002
30,44,7,21.200000000000003
30,44,8,27.200000000000003
30,44,9,24.6
30,44,10,32.
30,44,11,29.400000000000002
30,44,12,29.400000000000002
30,44,13,25.700000000000003
30,44,14,26.5
30,44,15,32.2
30,44,16,37.7
30,44,17,44.5
30,44,18,48.
30,44,19,56.300000000000004
30,44,20,69.3
30,44,21,83.80000000000001
30,44,22,102.2
30,44,23,105.10000000000001
30,44,24,94.2
30,44,25,69.5
30,44,26,63.2
30,44,27,61.7
30,44,28,58.1
30,44,29,35.5
30,44,30,33.7
30,44,31,41.800000000000004
30,44,32,36.7
30,44,33,50.5
30,44,34,48.2
30,44,35,78.4
30,44,36,65.9
30,44,37,107.10000000000001
30,44,38,110.5
30,44,39,83.5
30,44,40,80.10000000000001
30,44,41,87.5
30,44,42,73.2
30,44,43,49.400000000000006
30,44,44,58.300000000000004
30,44,45,43.900000000000006
30,44,46,41.
30,44,47,35.800000000000004
30,44,48,35.9
30,44,49,30.5
30,44,50,27.700000000000003
30,44,51,18.400000000000002
30,44,52,19.400000000000002
30,45,1,14.9
30,45,2,23.5
30,45,3,21.700000000000003
30,45,4,17.3
30,45,5,19.700000000000003
30,45,6,23.200000000000003
30,45,7,22.
30,45,8,28.200000000000003
30,45,9,25.6
30,45,10,36.
30,45,11,32.2
30,45,12,31.3
30,45,13,28.
30,45,14,29.700000000000003
30,45,15,34.
30,45,16,40.2
30,45,17,43.2
30,45,18,48.5
30,45,19,62.1
30,45,20,65.3
30,45,21,84.2
30,45,22,96.
30,45,23,97.4
30,45,24,84.30000000000001
30,45,25,61.7
30,45,26,60.5
30,45,27,51.5
30,45,28,46.300000000000004
30,45,29,27.200000000000003
30,45,30,24.700000000000003
30,45,31,27.400000000000002
30,45,32,28.8
30,45,33,35.4
30,45,34,38.
30,45,35,65.7
30,45,36,58.2
30,45,37,94.2
30,45,38,96.10000000000001
30,45,39,76.3
30,45,40,71.5
30,45,41,86.9
30,45,42,63.400000000000006
30,45,43,43.900000000000006
30,45,44,55.300000000000004
30,45,45,40.800000000000004
30,45,46,43.300000000000004
30,45,47,39.400000000000006
30,45,48,35.800000000000004
30,45,49,30.5
30,45,50,29.
30,45,51,18.5
30,45,52,21.5
30,46,1,15.5
30,46,2,26.200000000000003
30,46,3,22.400000000000002
30,46,4,17.1
30,46,5,20.400000000000002
30,46,6,25.700000000000003
30,46,7,22.700000000000003
30,46,8,30.
30,46,9,26.6
30,46,10,36.5
30,46,11,34.800000000000004
30,46,12,33.
30,46,13,32.800000000000004
30,46,14,31.900000000000002
30,46,15,34.5
30,46,16,42.900000000000006
30,46,17,43.7
30,46,18,48.7
30,46,19,67.60000000000001
30,46,20,61.900000000000006
30,46,21,81.80000000000001
30,46,22,91.5
30,46,23,90.2
30,46,24,75.8
30,46,25,51.
30,46,26,57.400000000000006
30,46,27,41.5
30,46,28,37.2
30,46,29,20.8
30,46,30,18.
30,46,31,17.6
30,46,32,22.5
30,46,33,23.900000000000002
30,46,34,30.
30,46,35,53.2
30,46,36,54.7
30,46,37,79.60000000000001
30,46,38,79.
30,46,39,67.5
30,46,40,61.7
30,46,41,79.
30,46,42,55.300000000000004
30,46,43,40.2
30,46,44,52.900000000000006
30,46,45,38.300000000000004
30,46,46,43.
30,46,47,41.400000000000006
30,46,48,35.4
30,46,49,31.200000000000003
30,46,50,29.400000000000002
30,46,51,19.200000000000003
30,46,52,20.700000000000003
30,47,1,16.3
30,47,2,27.8
30,47,3,22.900000000000002
30,47,4,17.6
30,47,5,21.700000000000003
30,47,6,27.6
30,47,7,23.1
30,47,8,31.
30,47,9,27.700000000000003
30,47,10,35.2
30,47,11,34.5
30,47,12,34.4
30,47,13,36.9
30,47,14,31.200000000000003
30,47,15,34.1
30,47,16,43.2
30,47,17,44.5
30,47,18,48.900000000000006
30,47,19,67.3
30,47,20,60.7
30,47,21,80.30000000000001
30,47,22,85.30000000000001
30,47,23,80.30000000000001
30,47,24,65.5
30,47,25,40.800000000000004
30,47,26,50.7
30,47,27,32.4
30,47,28,28.200000000000003
30,47,29,15.200000000000001
30,47,30,13.100000000000001
30,47,31,11.8
30,47,32,18.400000000000002
30,47,33,16.7
30,47,34,23.700000000000003
30,47,35,42.900000000000006
30,47,36,50.6
30,47,37,65.3
30,47,38,64.5
30,47,39,65.5
30,47,40,55.5
30,47,41,71.2
30,47,42,49.5
30,47,43,39.900000000000006
30,47,44,50.2
30,47,45,36.6
30,47,46,39.5
30,47,47,39.6
30,47,48,35.1
30,47,49,33.5
30,47,50,30.1
30,47,51,19.900000000000002
30,47,52,19.8
31,37,1,7.6000000000000005
31,37,2,13.700000000000001
31,37,3,13.100000000000001
31,37,4,9.700000000000001
31,37,5,11.100000000000001
31,37,6,12.9
31,37,7,17.1
31,37,8,17.
31,37,9,22.1
31,37,10,23.
31,37,11,28.5
31,37,12,32.5
31,37,13,35.800000000000004
31,37,14,37.7
31,37,15,45.
31,37,16,45.
31,37,17,49.800000000000004
31,37,18,55.
31,37,19,60.400000000000006
31,37,20,54.7
31,37,21,64.2
31,37,22,73.7
31,37,23,68.7
31,37,24,73.9
31,37,25,71.10000000000001
31,37,26,74.7
31,37,27,82.80000000000001
31,37,28,68.2
31,37,29,71.5
31,37,30,64.8
31,37,31,76.80000000000001
31,37,32,71.10000000000001
31,37,33,90.30000000000001
31,37,34,98.60000000000001
31,37,35,106.9
31,37,36,101.2
31,37,37,102.9
31,37,38,83.2
31,37,39,71.9
31,37,40,67.3
31,37,41,67.60000000000001
31,37,42,52.400000000000006
31,37,43,49.5
31,37,44,44.6
31,37,45,34.2
31,37,46,33.800000000000004
31,37,47,26.900000000000002
31,37,48,22.5
31,37,49,17.2
31,37,50,14.
31,37,51,9.4
31,37,52,7.7
31,38,1,9.600000000000001
31,38,2,15.100000000000001
31,38,3,14.8
31,38,4,12.4
31,38,5,14.5
31,38,6,17.1
31,38,7,21.700000000000003
31,38,8,21.
31,38,9,27.8
31,38,10,27.400000000000002
31,38,11,32.
31,38,12,38.2
31,38,13,39.
31,38,14,43.300000000000004
31,38,15,49.2
31,38,16,48.300000000000004
31,38,17,51.900000000000006
31,38,18,56.800000000000004
31,38,19,59.7
31,38,20,54.800000000000004
31,38,21,64.9
31,38,22,74.9
31,38,23,69.2
31,38,24,77.60000000000001
31,38,25,70.9
31,38,26,76.3
31,38,27,83.10000000000001
31,38,28,71.4
31,38,29,70.
31,38,30,64.9
31,38,31,76.4
31,38,32,69.8
31,38,33,86.10000000000001
31,38,34,103.30000000000001
31,38,35,111.9
31,38,36,104.80000000000001
31,38,37,109.30000000000001
31,38,38,83.30000000000001
31,38,39,73.7
31,38,40,68.9
31,38,41,73.4
31,38,42,53.1
31,38,43,50.300000000000004
31,38,44,45.6
31,38,45,35.9
31,38,46,36.
31,38,47,29.3
31,38,48,26.1
31,38,49,20.700000000000003
31,38,50,17.900000000000002
31,38,51,11.700000000000001
31,38,52,9.8
31,39,1,13.600000000000001
31,39,2,18.7
31,39,3,19.1
31,39,4,16.5
31,39,5,19.900000000000002
31,39,6,22.700000000000003
31,39,7,27.900000000000002
31,39,8,26.200000000000003
31,39,9,35.6
31,39,10,33.5
31,39,11,37.7
31,39,12,45.900000000000006
31,39,13,44.1
31,39,14,50.1
31,39,15,54.800000000000004
31,39,16,55.400000000000006
31,39,17,58.300000000000004
31,39,18,64.3
31,39,19,65.4
31,39,20,61.300000000000004
31,39,21,72.4
31,39,22,86.2
31,39,23,83.4
31,39,24,97.9
31,39,25,79.7
31,39,26,84.9
31,39,27,92.10000000000001
31,39,28,82.9
31,39,29,78.7
31,39,30,68.9
31,39,31,83.2
31,39,32,74.
31,39,33,91.7
31,39,34,114.7
31,39,35,123.9
31,39,36,109.9
31,39,37,134.70000000000002
31,39,38,93.5
31,39,39,86.7
31,39,40,79.5
31,39,41,88.4
31,39,42,66.
31,39,43,55.5
31,39,44,53.2
31,39,45,41.900000000000006
31,39,46,42.1
31,39,47,36.5
31,39,48,33.7
31,39,49,28.1
31,39,50,24.3
31,39,51,15.9
31,39,52,13.600000000000001
31,40,1,15.8
31,40,2,21.400000000000002
31,40,3,22.900000000000002
31,40,4,19.
31,40,5,22.900000000000002
31,40,6,24.8
31,40,7,29.
31,40,8,27.6
31,40,9,35.2
31,40,10,33.300000000000004
31,40,11,38.300000000000004
31,40,12,42.7
31,40,13,40.1
31,40,14,44.900000000000006
31,40,15,50.7
31,40,16,53.1
31,40,17,56.800000000000004
31,40,18,66.3
31,40,19,66.9
31,40,20,66.10000000000001
31,40,21,77.4
31,40,22,99.9
31,40,23,98.9
31,40,24,123.10000000000001
31,40,25,94.4
31,40,26,98.10000000000001
31,40,27,108.5
31,40,28,97.2
31,40,29,94.
31,40,30,77.7
31,40,31,102.60000000000001
31,40,32,88.4
31,40,33,115.2
31,40,34,131.20000000000002
31,40,35,134.9
31,40,36,114.9
31,40,37,156.5
31,40,38,107.2
31,40,39,99.10000000000001
31,40,40,89.4
31,40,41,97.9
31,40,42,76.2
31,40,43,59.300000000000004
31,40,44,61.
31,40,45,47.7
31,40,46,45.7
31,40,47,39.800000000000004
31,40,48,38.800000000000004
31,40,49,32.5
31,40,50,28.3
31,40,51,19.8
31,40,52,17.
31,41,1,13.700000000000001
31,41,2,18.400000000000002
31,41,3,19.900000000000002
31,41,4,15.200000000000001
31,41,5,18.5
31,41,6,17.400000000000002
31,41,7,19.400000000000002
31,41,8,22.1
31,41,9,20.1
31,41,10,21.200000000000003
31,41,11,23.200000000000003
31,41,12,23.200000000000003
31,41,13,22.200000000000003
31,41,14,22.8
31,41,15,29.6
31,41,16,33.1
31,41,17,36.9
31,41,18,46.800000000000004
31,41,19,54.5
31,41,20,59.
31,41,21,72.4
31,41,22,102.10000000000001
31,41,23,105.9
31,41,24,128.
31,41,25,101.9
31,41,26,99.2
31,41,27,113.4
31,41,28,102.9
31,41,29,92.10000000000001
31,41,30,77.
31,41,31,111.5
31,41,32,89.4
31,41,33,128.8
31,41,34,124.60000000000001
31,41,35,127.4
31,41,36,106.7
31,41,37,150.20000000000002
31,41,38,109.4
31,41,39,88.5
31,41,40,85.10000000000001
31,41,41,90.30000000000001
31,41,42,73.2
31,41,43,54.300000000000004
31,41,44,58.6
31,41,45,42.
31,41,46,36.1
31,41,47,32.300000000000004
31,41,48,31.700000000000003
31,41,49,27.900000000000002
31,41,50,24.3
31,41,51,18.900000000000002
31,41,52,15.700000000000001
31,42,1,14.100000000000001
31,42,2,20.200000000000003
31,42,3,21.8
31,42,4,16.6
31,42,5,18.3
31,42,6,18.8
31,42,7,21.200000000000003
31,42,8,23.700000000000003
31,42,9,22.200000000000003
31,42,10,23.5
31,42,11,25.5
31,42,12,25.700000000000003
31,42,13,24.400000000000002
31,42,14,23.700000000000003
31,42,15,32.7
31,42,16,35.
31,42,17,40.1
31,42,18,48.6
31,42,19,61.1
31,42,20,66.2
31,42,21,77.5
31,42,22,107.60000000000001
31,42,23,116.30000000000001
31,42,24,124.30000000000001
31,42,25,90.80000000000001
31,42,26,82.4
31,42,27,96.7
31,42,28,88.80000000000001
31,42,29,64.9
31,42,30,55.6
31,42,31,87.60000000000001
31,42,32,64.3
31,42,33,105.80000000000001
31,42,34,91.4
31,42,35,106.9
31,42,36,90.7
31,42,37,130.4
31,42,38,105.80000000000001
31,42,39,86.2
31,42,40,91.9
31,42,41,94.30000000000001
31,42,42,78.5
31,42,43,55.5
31,42,44,58.5
31,42,45,45.6
31,42,46,37.5
31,42,47,33.9
31,42,48,31.900000000000002
31,42,49,29.700000000000003
31,42,50,26.
31,42,51,20.200000000000003
31,42,52,16.2
31,43,1,14.100000000000001
31,43,2,20.6
31,43,3,20.8
31,43,4,17.400000000000002
31,43,5,18.3
31,43,6,19.
31,43,7,20.700000000000003
31,43,8,24.1
31,43,9,23.
31,43,10,26.5
31,43,11,27.1
31,43,12,27.6
31,43,13,24.900000000000002
31,43,14,25.3
31,43,15,31.3
31,43,16,35.300000000000004
31,43,17,43.
31,43,18,49.300000000000004
31,43,19,56.6
31,43,20,68.60000000000001
31,43,21,80.5
31,43,22,106.5
31,43,23,113.2
31,43,24,113.4
31,43,25,80.5
31,43,26,70.3
31,43,27,80.30000000000001
31,43,28,75.4
31,43,29,48.300000000000004
31,43,30,43.400000000000006
31,43,31,66.
31,43,32,50.800000000000004
31,43,33,79.4
31,43,34,66.7
31,43,35,99.10000000000001
31,43,36,75.8
31,43,37,118.5
31,43,38,104.9
31,43,39,83.60000000000001
31,43,40,92.5
31,43,41,91.80000000000001
31,43,42,81.60000000000001
31,43,43,50.900000000000006
31,43,44,57.
31,43,45,46.900000000000006
31,43,46,36.9
31,43,47,33.300000000000004
31,43,48,31.3
31,43,49,31.400000000000002
31,43,50,25.900000000000002
31,43,51,18.7
31,43,52,16.900000000000002
31,44,1,14.700000000000001
31,44,2,21.900000000000002
31,44,3,20.6
31,44,4,18.6
31,44,5,19.6
31,44,6,20.700000000000003
31,44,7,20.900000000000002
31,44,8,26.400000000000002
31,44,9,24.
31,44,10,30.200000000000003
31,44,11,29.
31,44,12,29.6
31,44,13,25.5
31,44,14,27.1
31,44,15,32.5
31,44,16,37.
31,44,17,42.7
31,44,18,49.
31,44,19,55.2
31,44,20,68.
31,44,21,83.7
31,44,22,104.30000000000001
31,44,23,103.7
31,44,24,96.10000000000001
31,44,25,73.3
31,44,26,64.4
31,44,27,64.60000000000001
31,44,28,60.2
31,44,29,35.4
31,44,30,35.9
31,44,31,46.1
31,44,32,41.2
31,44,33,57.6
31,44,34,52.1
31,44,35,81.30000000000001
31,44,36,68.3
31,44,37,110.10000000000001
31,44,38,104.9
31,44,39,86.10000000000001
31,44,40,82.7
31,44,41,87.7
31,44,42,71.8
31,44,43,49.6
31,44,44,56.2
31,44,45,44.7
31,44,46,37.800000000000004
31,44,47,34.1
31,44,48,34.2
31,44,49,31.3
31,44,50,27.8
31,44,51,18.7
31,44,52,19.700000000000003
31,45,1,14.700000000000001
31,45,2,22.700000000000003
31,45,3,21.
31,45,4,18.2
31,45,5,20.3
31,45,6,22.900000000000002
31,45,7,21.400000000000002
31,45,8,27.400000000000002
31,45,9,25.200000000000003
31,45,10,36.2
31,45,11,31.1
31,45,12,30.3
31,45,13,27.400000000000002
31,45,14,30.3
31,45,15,33.7
31,45,16,37.4
31,45,17,43.1
31,45,18,48.5
31,45,19,57.800000000000004
31,45,20,65.4
31,45,21,85.60000000000001
31,45,22,99.
31,45,23,96.9
31,45,24,85.60000000000001
31,45,25,65.60000000000001
31,45,26,61.6
31,45,27,52.400000000000006
31,45,28,49.
31,45,29,28.3
31,45,30,28.1
31,45,31,30.3
31,45,32,33.
31,45,33,39.6
31,45,34,41.300000000000004
31,45,35,66.5
31,45,36,65.7
31,45,37,95.80000000000001
31,45,38,91.
31,45,39,81.60000000000001
31,45,40,68.10000000000001
31,45,41,87.9
31,45,42,61.6
31,45,43,45.400000000000006
31,45,44,54.1
31,45,45,39.900000000000006
31,45,46,38.6
31,45,47,37.6
31,45,48,34.800000000000004
31,45,49,31.8
31,45,50,29.5
31,45,51,18.900000000000002
31,45,52,21.700000000000003
31,46,1,15.3
31,46,2,25.1
31,46,3,21.700000000000003
31,46,4,17.900000000000002
31,46,5,21.
31,46,6,25.400000000000002
31,46,7,22.400000000000002
31,46,8,29.400000000000002
31,46,9,26.3
31,46,10,36.6
31,46,11,33.6
31,46,12,32.2
31,46,13,31.700000000000003
31,46,14,32.6
31,46,15,34.4
31,46,16,39.5
31,46,17,43.6
31,46,18,48.7
31,46,19,62.900000000000006
31,46,20,62.400000000000006
31,46,21,83.
31,46,22,94.30000000000001
31,46,23,90.
31,46,24,76.80000000000001
31,46,25,54.7
31,46,26,58.300000000000004
31,46,27,42.300000000000004
31,46,28,39.6
31,46,29,21.6
31,46,30,21.
31,46,31,19.8
31,46,32,26.
31,46,33,27.1
31,46,34,33.1
31,46,35,55.1
31,46,36,61.7
31,46,37,80.4
31,46,38,74.8
31,46,39,72.9
31,46,40,58.400000000000006
31,46,41,81.10000000000001
31,46,42,54.2
31,46,43,40.800000000000004
31,46,44,51.5
31,46,45,37.
31,46,46,39.800000000000004
31,46,47,40.
31,46,48,35.2
31,46,49,32.2
31,46,50,29.5
31,46,51,19.6
31,46,52,20.900000000000002
31,47,1,16.1
31,47,2,26.400000000000002
31,47,3,22.200000000000003
31,47,4,18.400000000000002
31,47,5,22.400000000000002
31,47,6,28.8
31,47,7,23.400000000000002
31,47,8,30.5
31,47,9,27.8
31,47,10,34.7
31,47,11,33.7
31,47,12,33.9
31,47,13,34.9
31,47,14,31.700000000000003
31,47,15,34.1
31,47,16,40.1
31,47,17,44.300000000000004
31,47,18,48.1
31,47,19,63.900000000000006
31,47,20,62.6
31,47,21,83.7
31,47,22,88.4
31,47,23,80.
31,47,24,67.3
31,47,25,43.1
31,47,26,51.300000000000004
31,47,27,32.9
31,47,28,29.900000000000002
31,47,29,15.4
31,47,30,15.100000000000001
31,47,31,12.600000000000001
31,47,32,20.200000000000003
31,47,33,17.400000000000002
31,47,34,26.1
31,47,35,45.900000000000006
31,47,36,54.400000000000006
31,47,37,66.2
31,47,38,64.3
31,47,39,66.4
31,47,40,53.1
31,47,41,71.9
31,47,42,49.800000000000004
31,47,43,37.300000000000004
31,47,44,47.6
31,47,45,35.
31,47,46,41.1
31,47,47,39.5
31,47,48,37.
31,47,49,32.4
31,47,50,29.
31,47,51,20.3
31,47,52,19.8
32,37,1,6.800000000000001
32,37,2,12.4
32,37,3,11.600000000000001
32,37,4,8.1
32,37,5,10.
32,37,6,11.3
32,37,7,15.600000000000001
32,37,8,15.9
32,37,9,21.5
32,37,10,22.
32,37,11,28.
32,37,12,32.1
32,37,13,34.6
32,37,14,36.2
32,37,15,43.6
32,37,16,43.6
32,37,17,48.300000000000004
32,37,18,53.400000000000006
32,37,19,58.800000000000004
32,37,20,52.6
32,37,21,61.1
32,37,22,70.9
32,37,23,66.9
32,37,24,70.3
32,37,25,65.8
32,37,26,68.5
32,37,27,70.5
32,37,28,62.7
32,37,29,63.7
32,37,30,60.300000000000004
32,37,31,70.10000000000001
32,37,32,61.400000000000006
32,37,33,82.5
32,37,34,83.9
32,37,35,95.80000000000001
32,37,36,95.
32,37,37,98.9
32,37,38,81.4
32,37,39,71.9
32,37,40,67.2
32,37,41,69.5
32,37,42,51.5
32,37,43,48.6
32,37,44,44.
32,37,45,33.300000000000004
32,37,46,31.3
32,37,47,25.700000000000003
32,37,48,20.400000000000002
32,37,49,15.5
32,37,50,12.100000000000001
32,37,51,7.6000000000000005
32,37,52,6.4
32,38,1,8.8
32,38,2,13.9
32,38,3,13.4
32,38,4,10.8
32,38,5,13.4
32,38,6,15.600000000000001
32,38,7,20.3
32,38,8,19.900000000000002
32,38,9,27.1
32,38,10,26.5
32,38,11,31.6
32,38,12,38.
32,38,13,38.
32,38,14,42.
32,38,15,47.900000000000006
32,38,16,47.1
32,38,17,50.5
32,38,18,55.5
32,38,19,58.300000000000004
32,38,20,52.800000000000004
32,38,21,61.900000000000006
32,38,22,72.2
32,38,23,67.3
32,38,24,74.
32,38,25,65.60000000000001
32,38,26,70.2
32,38,27,70.9
32,38,28,66.2
32,38,29,62.300000000000004
32,38,30,60.5
32,38,31,69.8
32,38,32,60.300000000000004
32,38,33,78.5
32,38,34,88.7
32,38,35,100.80000000000001
32,38,36,98.60000000000001
32,38,37,105.
32,38,38,81.5
32,38,39,73.60000000000001
32,38,40,68.8
32,38,41,75.2
32,38,42,52.
32,38,43,49.300000000000004
32,38,44,45.
32,38,45,34.9
32,38,46,33.5
32,38,47,28.
32,38,48,24.
32,38,49,18.900000000000002
32,38,50,15.9
32,38,51,10.
32,38,52,8.5
32,39,1,12.3
32,39,2,18.1
32,39,3,18.7
32,39,4,16.1
32,39,5,20.200000000000003
32,39,6,23.700000000000003
32,39,7,29.6
32,39,8,29.
32,39,9,38.
32,39,10,36.7
32,39,11,43.1
32,39,12,50.5
32,39,13,49.1
32,39,14,53.7
32,39,15,57.1
32,39,16,58.6
32,39,17,60.
32,39,18,65.4
32,39,19,66.10000000000001
32,39,20,60.
32,39,21,69.4
32,39,22,80.80000000000001
32,39,23,76.
32,39,24,86.2
32,39,25,69.3
32,39,26,75.7
32,39,27,77.10000000000001
32,39,28,72.7
32,39,29,67.10000000000001
32,39,30,63.6
32,39,31,73.5
32,39,32,65.5
32,39,33,85.7
32,39,34,101.4
32,39,35,109.30000000000001
32,39,36,104.30000000000001
32,39,37,115.10000000000001
32,39,38,89.30000000000001
32,39,39,82.10000000000001
32,39,40,76.4
32,39,41,86.2
32,39,42,60.2
32,39,43,56.1
32,39,44,52.
32,39,45,41.900000000000006
32,39,46,40.300000000000004
32,39,47,34.2
32,39,48,31.700000000000003
32,39,49,25.900000000000002
32,39,50,22.
32,39,51,14.3
32,39,52,11.9
32,40,1,15.200000000000001
32,40,2,21.400000000000002
32,40,3,23.3
32,40,4,19.3
32,40,5,24.5
32,40,6,26.700000000000003
32,40,7,32.4
32,40,8,32.7
32,40,9,40.1
32,40,10,38.5
32,40,11,46.300000000000004
32,40,12,50.5
32,40,13,48.6
32,40,14,51.400000000000006
32,40,15,56.1
32,40,16,59.5
32,40,17,60.800000000000004
32,40,18,68.9
32,40,19,70.
32,40,20,66.4
32,40,21,76.60000000000001
32,40,22,95.9
32,40,23,93.
32,40,24,111.5
32,40,25,84.10000000000001
32,40,26,89.30000000000001
32,40,27,94.4
32,40,28,86.2
32,40,29,81.80000000000001
32,40,30,72.3
32,40,31,92.30000000000001
32,40,32,79.60000000000001
32,40,33,108.60000000000001
32,40,34,118.2
32,40,35,120.2
32,40,36,110.30000000000001
32,40,37,135.6
32,40,38,103.80000000000001
32,40,39,94.80000000000001
32,40,40,87.10000000000001
32,40,41,96.80000000000001
32,40,42,71.8
32,40,43,62.6
32,40,44,61.300000000000004
32,40,45,48.7
32,40,46,45.300000000000004
32,40,47,38.900000000000006
32,40,48,37.4
32,40,49,31.3
32,40,50,26.400000000000002
32,40,51,18.6
32,40,52,15.5
32,41,1,15.
32,41,2,19.900000000000002
32,41,3,20.8
32,41,4,17.5
32,41,5,20.700000000000003
32,41,6,20.
32,41,7,23.
32,41,8,24.900000000000002
32,41,9,25.400000000000002
32,41,10,26.200000000000003
32,41,11,29.400000000000002
32,41,12,32.5
32,41,13,29.200000000000003
32,41,14,31.
32,41,15,38.
32,41,16,42.800000000000004
32,41,17,45.5
32,41,18,54.300000000000004
32,41,19,58.400000000000006
32,41,20,60.400000000000006
32,41,21,74.3
32,41,22,97.30000000000001
32,41,23,98.30000000000001
32,41,24,121.2
32,41,25,92.
32,41,26,93.80000000000001
32,41,27,104.4
32,41,28,94.80000000000001
32,41,29,85.80000000000001
32,41,30,75.5
32,41,31,106.9
32,41,32,86.4
32,41,33,125.60000000000001
32,41,34,122.5
32,41,35,121.4
32,41,36,105.10000000000001
32,41,37,138.
32,41,38,101.30000000000001
32,41,39,86.30000000000001
32,41,40,84.7
32,41,41,92.10000000000001
32,41,42,69.2
32,41,43,56.7
32,41,44,56.6
32,41,45,43.800000000000004
32,41,46,39.
32,41,47,34.800000000000004
32,41,48,33.
32,41,49,28.900000000000002
32,41,50,26.
32,41,51,19.900000000000002
32,41,52,16.8
32,42,1,15.600000000000001
32,42,2,20.200000000000003
32,42,3,20.900000000000002
32,42,4,18.400000000000002
32,42,5,18.900000000000002
32,42,6,19.200000000000003
32,42,7,20.5
32,42,8,23.3
32,42,9,21.8
32,42,10,22.900000000000002
32,42,11,25.5
32,42,12,26.
32,42,13,23.6
32,42,14,23.6
32,42,15,32.2
32,42,16,36.
32,42,17,39.2
32,42,18,48.
32,42,19,56.6
32,42,20,62.6
32,42,21,74.7
32,42,22,103.7
32,42,23,108.80000000000001
32,42,24,128.1
32,42,25,90.10000000000001
32,42,26,86.2
32,42,27,98.80000000000001
32,42,28,89.30000000000001
32,42,29,70.3
32,42,30,64.5
32,42,31,96.7
32,42,32,73.
32,42,33,115.9
32,42,34,106.60000000000001
32,42,35,115.10000000000001
32,42,36,96.80000000000001
32,42,37,127.
32,42,38,102.
32,42,39,85.7
32,42,40,90.
32,42,41,95.5
32,42,42,72.7
32,42,43,56.1
32,42,44,53.2
32,42,45,45.2
32,42,46,37.2
32,42,47,33.300000000000004
32,42,48,31.3
32,42,49,29.3
32,42,50,25.700000000000003
32,42,51,20.700000000000003
32,42,52,16.3
32,43,1,15.600000000000001
32,43,2,21.1
32,43,3,20.5
32,43,4,19.900000000000002
32,43,5,19.
32,43,6,19.8
32,43,7,20.400000000000002
32,43,8,24.
32,43,9,22.3
32,43,10,24.8
32,43,11,26.900000000000002
32,43,12,27.400000000000002
32,43,13,24.1
32,43,14,24.900000000000002
32,43,15,31.5
32,43,16,36.
32,43,17,42.2
32,43,18,50.1
32,43,19,54.1
32,43,20,66.4
32,43,21,78.
32,43,22,108.4
32,43,23,110.2
32,43,24,117.4
32,43,25,82.4
32,43,26,72.8
32,43,27,84.7
32,43,28,74.7
32,43,29,50.900000000000006
32,43,30,48.2
32,43,31,72.9
32,43,32,57.2
32,43,33,87.30000000000001
32,43,34,78.4
32,43,35,105.
32,43,36,82.10000000000001
32,43,37,116.2
32,43,38,100.10000000000001
32,43,39,84.7
32,43,40,92.60000000000001
32,43,41,93.
32,43,42,75.60000000000001
32,43,43,51.
32,43,44,52.1
32,43,45,47.800000000000004
32,43,46,37.2
32,43,47,33.2
32,43,48,31.900000000000002
32,43,49,31.3
32,43,50,26.400000000000002
32,43,51,20.400000000000002
32,43,52,17.6
32,44,1,15.
32,44,2,22.5
32,44,3,19.8
32,44,4,19.200000000000003
32,44,5,20.
32,44,6,20.200000000000003
32,44,7,20.6
32,44,8,26.1
32,44,9,23.400000000000002
32,44,10,28.200000000000003
32,44,11,28.1
32,44,12,29.5
32,44,13,25.200000000000003
32,44,14,26.8
32,44,15,32.4
32,44,16,37.
32,44,17,41.5
32,44,18,48.300000000000004
32,44,19,52.900000000000006
32,44,20,66.2
32,44,21,81.9
32,44,22,107.80000000000001
32,44,23,101.10000000000001
32,44,24,99.60000000000001
32,44,25,78.
32,44,26,64.2
32,44,27,67.2
32,44,28,61.400000000000006
32,44,29,36.
32,44,30,37.6
32,44,31,50.7
32,44,32,44.1
32,44,33,62.1
32,44,34,58.2
32,44,35,82.7
32,44,36,75.8
32,44,37,109.7
32,44,38,98.30000000000001
32,44,39,89.10000000000001
32,44,40,80.9
32,44,41,85.80000000000001
32,44,42,67.9
32,44,43,50.2
32,44,44,51.6
32,44,45,45.1
32,44,46,36.5
32,44,47,33.1
32,44,48,32.6
32,44,49,30.5
32,44,50,28.200000000000003
32,44,51,19.1
32,44,52,19.5
32,45,1,14.9
32,45,2,22.900000000000002
32,45,3,20.3
32,45,4,18.7
32,45,5,20.900000000000002
32,45,6,22.400000000000002
32,45,7,21.200000000000003
32,45,8,27.
32,45,9,24.900000000000002
32,45,10,34.1
32,45,11,29.900000000000002
32,45,12,30.3
32,45,13,26.900000000000002
32,45,14,29.8
32,45,15,33.7
32,45,16,37.4
32,45,17,43.
32,45,18,48.
32,45,19,55.2
32,45,20,64.4
32,45,21,84.5
32,45,22,102.60000000000001
32,45,23,94.2
32,45,24,89.30000000000001
32,45,25,70.7
32,45,26,61.
32,45,27,54.6
32,45,28,50.900000000000006
32,45,29,28.8
32,45,30,30.
32,45,31,34.5
32,45,32,36.
32,45,33,43.800000000000004
32,45,34,46.300000000000004
32,45,35,67.60000000000001
32,45,36,72.60000000000001
32,45,37,95.60000000000001
32,45,38,85.60000000000001
32,45,39,86.10000000000001
32,45,40,67.10000000000001
32,45,41,86.30000000000001
32,45,42,59.
32,45,43,45.800000000000004
32,45,44,50.300000000000004
32,45,45,40.5
32,45,46,36.9
32,45,47,35.800000000000004
32,45,48,33.4
32,45,49,30.900000000000002
32,45,50,29.8
32,45,51,19.3
32,45,52,21.200000000000003
32,46,1,15.3
32,46,2,24.
32,46,3,21.900000000000002
32,46,4,18.8
32,46,5,21.1
32,46,6,24.8
32,46,7,23.900000000000002
32,46,8,28.900000000000002
32,46,9,27.
32,46,10,35.800000000000004
32,46,11,32.6
32,46,12,31.900000000000002
32,46,13,29.3
32,46,14,33.1
32,46,15,34.9
32,46,16,38.300000000000004
32,46,17,44.800000000000004
32,46,18,49.6
32,46,19,58.
32,46,20,64.4
32,46,21,84.60000000000001
32,46,22,99.2
32,46,23,88.7
32,46,24,80.30000000000001
32,46,25,59.7
32,46,26,57.6
32,46,27,43.5
32,46,28,42.
32,46,29,21.8
32,46,30,23.1
32,46,31,21.700000000000003
32,46,32,28.1
32,46,33,29.6
32,46,34,36.2
32,46,35,58.2
32,46,36,64.3
32,46,37,79.10000000000001
32,46,38,74.10000000000001
32,46,39,79.9
32,46,40,57.
32,46,41,84.7
32,46,42,54.1
32,46,43,39.800000000000004
32,46,44,50.
32,46,45,36.9
32,46,46,40.400000000000006
32,46,47,39.1
32,46,48,37.1
32,46,49,32.4
32,46,50,29.6
32,46,51,20.200000000000003
32,46,52,20.8
32,47,1,16.1
32,47,2,25.200000000000003
32,47,3,22.400000000000002
32,47,4,19.3
32,47,5,22.5
32,47,6,28.200000000000003
32,47,7,24.8
32,47,8,30.
32,47,9,28.400000000000002
32,47,10,33.9
32,47,11,32.7
32,47,12,33.6
32,47,13,32.4
32,47,14,32.300000000000004
32,47,15,34.5
32,47,16,38.900000000000006
32,47,17,45.300000000000004
32,47,18,49.
32,47,19,59.
32,47,20,64.60000000000001
32,47,21,85.2
32,47,22,93.2
32,47,23,78.7
32,47,24,70.7
32,47,25,47.800000000000004
32,47,26,50.6
32,47,27,34.
32,47,28,32.2
32,47,29,15.600000000000001
32,47,30,17.1
32,47,31,14.4
32,47,32,22.3
32,47,33,19.8
32,47,34,29.200000000000003
32,47,35,48.900000000000006
32,47,36,56.900000000000006
32,47,37,65.
32,47,38,63.7
32,47,39,73.10000000000001
32,47,40,51.800000000000004
32,47,41,75.3
32,47,42,49.7
32,47,43,36.2
32,47,44,46.2
32,47,45,34.800000000000004
32,47,46,41.7
32,47,47,38.6
32,47,48,38.900000000000006
32,47,49,32.6
32,47,50,29.
32,47,51,20.900000000000002
32,47,52,19.6
33,37,1,5.800000000000001
33,37,2,10.5
33,37,3,10.3
33,37,4,6.800000000000001
33,37,5,8.9
33,37,6,10.
33,37,7,14.100000000000001
33,37,8,14.4
33,37,9,19.700000000000003
33,37,10,18.900000000000002
33,37,11,25.6
33,37,12,28.900000000000002
33,37,13,31.6
33,37,14,32.1
33,37,15,38.1
33,37,16,39.2
33,37,17,44.300000000000004
33,37,18,49.800000000000004
33,37,19,53.300000000000004
33,37,20,48.400000000000006
33,37,21,55.7
33,37,22,64.4
33,37,23,62.6
33,37,24,66.8
33,37,25,60.2
33,37,26,63.800000000000004
33,37,27,61.900000000000006
33,37,28,54.6
33,37,29,54.900000000000006
33,37,30,53.5
33,37,31,61.
33,37,32,52.7
33,37,33,72.10000000000001
33,37,34,71.2
33,37,35,84.30000000000001
33,37,36,86.4
33,37,37,91.30000000000001
33,37,38,76.2
33,37,39,67.60000000000001
33,37,40,63.900000000000006
33,37,41,66.5
33,37,42,46.800000000000004
33,37,43,44.
33,37,44,40.
33,37,45,30.3
33,37,46,27.400000000000002
33,37,47,22.400000000000002
33,37,48,18.
33,37,49,13.100000000000001
33,37,50,10.4
33,37,51,6.7
33,37,52,5.5
33,38,1,7.9
33,38,2,13.
33,38,3,12.9
33,38,4,9.8
33,38,5,12.100000000000001
33,38,6,15.
33,38,7,19.8
33,38,8,20.200000000000003
33,38,9,26.900000000000002
33,38,10,26.
33,38,11,33.300000000000004
33,38,12,38.6
33,38,13,38.900000000000006
33,38,14,41.6
33,38,15,47.2
33,38,16,47.1
33,38,17,51.2
33,38,18,56.6
33,38,19,57.900000000000006
33,38,20,53.300000000000004
33,38,21,62.300000000000004
33,38,22,71.4
33,38,23,66.8
33,38,24,72.2
33,38,25,61.7
33,38,26,66.5
33,38,27,64.5
33,38,28,60.800000000000004
33,38,29,58.400000000000006
33,38,30,56.7
33,38,31,65.7
33,38,32,57.1
33,38,33,74.7
33,38,34,79.7
33,38,35,89.80000000000001
33,38,36,95.60000000000001
33,38,37,99.7
33,38,38,82.2
33,38,39,72.3
33,38,40,69.10000000000001
33,38,41,71.7
33,38,42,52.1
33,38,43,49.7
33,38,44,42.5
33,38,45,33.6
33,38,46,32.2
33,38,47,25.3
33,38,48,22.200000000000003
33,38,49,16.5
33,38,50,14.5
33,38,51,8.700000000000001
33,38,52,7.5
33,39,1,11.5
33,39,2,17.3
33,39,3,18.3
33,39,4,15.
33,39,5,18.900000000000002
33,39,6,23.1
33,39,7,29.1
33,39,8,29.400000000000002
33,39,9,37.800000000000004
33,39,10,36.300000000000004
33,39,11,44.7
33,39,12,51.2
33,39,13,50.
33,39,14,53.300000000000004
33,39,15,56.400000000000006
33,39,16,58.6
33,39,17,60.7
33,39,18,66.5
33,39,19,65.7
33,39,20,60.5
33,39,21,69.8
33,39,22,80.
33,39,23,75.4
33,39,24,84.5
33,39,25,65.5
33,39,26,72.
33,39,27,70.7
33,39,28,67.3
33,39,29,63.1
33,39,30,59.900000000000006
33,39,31,69.5
33,39,32,62.300000000000004
33,39,33,81.9
33,39,34,92.4
33,39,35,98.4
33,39,36,101.30000000000001
33,39,37,109.7
33,39,38,90.
33,39,39,80.9
33,39,40,76.7
33,39,41,82.7
33,39,42,60.300000000000004
33,39,43,56.5
33,39,44,49.5
33,39,45,40.5
33,39,46,39.
33,39,47,31.5
33,39,48,29.900000000000002
33,39,49,23.5
33,39,50,20.5
33,39,51,13.
33,39,52,10.9
33,40,1,14.600000000000001
33,40,2,21.
33,40,3,23.8
33,40,4,19.8
33,40,5,25.700000000000003
33,40,6,27.8
33,40,7,35.5
33,40,8,37.
33,40,9,45.400000000000006
33,40,10,43.6
33,40,11,52.
33,40,12,58.400000000000006
33,40,13,55.6
33,40,14,59.
33,40,15,62.300000000000004
33,40,16,66.5
33,40,17,65.60000000000001
33,40,18,72.7
33,40,19,71.2
33,40,20,65.4
33,40,21,76.
33,40,22,88.10000000000001
33,40,23,82.80000000000001
33,40,24,95.9
33,40,25,68.60000000000001
33,40,26,73.
33,40,27,75.5
33,40,28,67.4
33,40,29,64.7
33,40,30,58.300000000000004
33,40,31,72.4
33,40,32,64.7
33,40,33,88.80000000000001
33,40,34,98.30000000000001
33,40,35,98.30000000000001
33,40,36,101.2
33,40,37,114.60000000000001
33,40,38,91.10000000000001
33,40,39,87.4
33,40,40,81.10000000000001
33,40,41,93.5
33,40,42,66.3
33,40,43,64.60000000000001
33,40,44,58.2
33,40,45,48.900000000000006
33,40,46,46.300000000000004
33,40,47,38.400000000000006
33,40,48,36.4
33,40,49,29.8
33,40,50,25.400000000000002
33,40,51,17.2
33,40,52,14.4
33,41,1,15.200000000000001
33,41,2,20.6
33,41,3,22.6
33,41,4,19.700000000000003
33,41,5,23.900000000000002
33,41,6,23.5
33,41,7,29.5
33,41,8,31.6
33,41,9,35.7
33,41,10,35.300000000000004
33,41,11,40.
33,41,12,46.2
33,41,13,40.800000000000004
33,41,14,44.2
33,41,15,49.6
33,41,16,55.1
33,41,17,54.7
33,41,18,62.2
33,41,19,62.2
33,41,20,60.7
33,41,21,75.10000000000001
33,41,22,87.80000000000001
33,41,23,85.80000000000001
33,41,24,102.80000000000001
33,41,25,72.7
33,41,26,74.
33,41,27,82.2
33,41,28,71.7
33,41,29,65.3
33,41,30,58.7
33,41,31,81.60000000000001
33,41,32,68.3
33,41,33,100.2
33,41,34,100.10000000000001
33,41,35,98.30000000000001
33,41,36,95.4
33,41,37,114.80000000000001
33,41,38,86.5
33,41,39,80.60000000000001
33,41,40,78.60000000000001
33,41,41,90.60000000000001
33,41,42,63.2
33,41,43,59.900000000000006
33,41,44,53.7
33,41,45,45.300000000000004
33,41,46,42.6
33,41,47,36.6
33,41,48,33.800000000000004
33,41,49,28.900000000000002
33,41,50,26.400000000000002
33,41,51,19.
33,41,52,16.5
33,42,1,16.900000000000002
33,42,2,20.400000000000002
33,42,3,21.400000000000002
33,42,4,20.200000000000003
33,42,5,20.700000000000003
33,42,6,20.400000000000002
33,42,7,23.200000000000003
33,42,8,26.5
33,42,9,26.400000000000002
33,42,10,27.
33,42,11,30.
33,42,12,32.300000000000004
33,42,13,29.
33,42,14,30.1
33,42,15,37.7
33,42,16,43.1
33,42,17,43.2
33,42,18,51.900000000000006
33,42,19,54.6
33,42,20,59.
33,42,21,73.
33,42,22,94.
33,42,23,92.9
33,42,24,116.10000000000001
33,42,25,79.80000000000001
33,42,26,76.80000000000001
33,42,27,89.30000000000001
33,42,28,74.60000000000001
33,42,29,64.7
33,42,30,62.2
33,42,31,87.9
33,42,32,70.60000000000001
33,42,33,106.
33,42,34,104.80000000000001
33,42,35,107.10000000000001
33,42,36,96.4
33,42,37,114.
33,42,38,89.7
33,42,39,81.30000000000001
33,42,40,79.80000000000001
33,42,41,92.4
33,42,42,64.4
33,42,43,55.
33,42,44,48.1
33,42,45,44.800000000000004
33,42,46,37.300000000000004
33,42,47,33.6
33,42,48,31.3
33,42,49,29.
33,42,50,26.3
33,42,51,20.5
33,42,52,16.8
33,43,1,17.1
33,43,2,21.200000000000003
33,43,3,21.400000000000002
33,43,4,22.400000000000002
33,43,5,19.900000000000002
33,43,6,20.6
33,43,7,20.700000000000003
33,43,8,25.3
33,43,9,22.5
33,43,10,24.5
33,43,11,26.700000000000003
33,43,12,27.900000000000002
33,43,13,24.1
33,43,14,24.8
33,43,15,32.2
33,43,16,36.7
33,43,17,41.
33,43,18,49.1
33,43,19,51.400000000000006
33,43,20,62.6
33,43,21,75.3
33,43,22,105.60000000000001
33,43,23,104.
33,43,24,116.9
33,43,25,83.9
33,43,26,74.60000000000001
33,43,27,88.10000000000001
33,43,28,71.3
33,43,29,55.2
33,43,30,55.900000000000006
33,43,31,77.60000000000001
33,43,32,64.5
33,43,33,93.9
33,43,34,90.9
33,43,35,108.30000000000001
33,43,36,94.30000000000001
33,43,37,113.10000000000001
33,43,38,94.60000000000001
33,43,39,86.2
33,43,40,86.10000000000001
33,43,41,92.4
33,43,42,67.7
33,43,43,50.5
33,43,44,47.2
33,43,45,46.300000000000004
33,43,46,36.800000000000004
33,43,47,32.800000000000004
33,43,48,32.4
33,43,49,30.200000000000003
33,43,50,26.700000000000003
33,43,51,21.8
33,43,52,18.400000000000002
33,44,1,15.700000000000001
33,44,2,22.400000000000002
33,44,3,20.3
33,44,4,20.400000000000002
33,44,5,20.5
33,44,6,20.3
33,44,7,20.5
33,44,8,26.8
33,44,9,23.3
33,44,10,26.8
33,44,11,27.1
33,44,12,29.
33,44,13,25.
33,44,14,26.200000000000003
33,44,15,32.6
33,44,16,37.6
33,44,17,40.900000000000006
33,44,18,47.6
33,44,19,51.7
33,44,20,64.3
33,44,21,79.10000000000001
33,44,22,107.5
33,44,23,98.4
33,44,24,101.10000000000001
33,44,25,80.7
33,44,26,65.4
33,44,27,70.7
33,44,28,61.
33,44,29,39.1
33,44,30,42.7
33,44,31,55.2
33,44,32,48.900000000000006
33,44,33,66.9
33,44,34,68.7
33,44,35,84.4
33,44,36,86.9
33,44,37,106.
33,44,38,91.9
33,44,39,90.7
33,44,40,76.60000000000001
33,44,41,84.7
33,44,42,62.6
33,44,43,49.1
33,44,44,46.6
33,44,45,44.1
33,44,46,36.
33,44,47,32.5
33,44,48,32.4
33,44,49,29.700000000000003
33,44,50,28.3
33,44,51,20.400000000000002
33,44,52,19.6
33,45,1,15.4
33,45,2,22.8
33,45,3,20.6
33,45,4,18.8
33,45,5,21.6
33,45,6,21.8
33,45,7,21.3
33,45,8,27.3
33,45,9,24.5
33,45,10,30.400000000000002
33,45,11,28.1
33,45,12,29.700000000000003
33,45,13,25.6
33,45,14,28.
33,45,15,32.6
33,45,16,37.6
33,45,17,45.
33,45,18,47.2
33,45,19,53.300000000000004
33,45,20,64.5
33,45,21,81.60000000000001
33,45,22,105.10000000000001
33,45,23,92.4
33,45,24,92.2
33,45,25,73.4
33,45,26,59.6
33,45,27,58.5
33,45,28,54.1
33,45,29,29.400000000000002
33,45,30,31.5
33,45,31,37.5
33,45,32,37.9
33,45,33,46.400000000000006
33,45,34,51.5
33,45,35,66.7
33,45,36,78.4
33,45,37,94.4
33,45,38,83.2
33,45,39,87.60000000000001
33,45,40,67.9
33,45,41,83.7
33,45,42,58.7
33,45,43,44.5
33,45,44,46.2
33,45,45,41.800000000000004
33,45,46,36.
33,45,47,33.2
33,45,48,32.800000000000004
33,45,49,31.1
33,45,50,30.6
33,45,51,20.3
33,45,52,20.
33,46,1,15.8
33,46,2,23.700000000000003
33,46,3,22.1
33,46,4,18.900000000000002
33,46,5,21.700000000000003
33,46,6,24.200000000000003
33,46,7,24.1
33,46,8,29.
33,46,9,26.700000000000003
33,46,10,32.2
33,46,11,30.700000000000003
33,46,12,31.3
33,46,13,27.900000000000002
33,46,14,31.400000000000002
33,46,15,33.800000000000004
33,46,16,38.5
33,46,17,46.6
33,46,18,48.800000000000004
33,46,19,56.
33,46,20,64.7
33,46,21,81.9
33,46,22,102.
33,46,23,86.80000000000001
33,46,24,83.2
33,46,25,62.5
33,46,26,56.2
33,46,27,47.2
33,46,28,45.400000000000006
33,46,29,22.3
33,46,30,24.700000000000003
33,46,31,24.6
33,46,32,29.900000000000002
33,46,33,32.2
33,46,34,41.2
33,46,35,57.300000000000004
33,46,36,69.7
33,46,37,78.10000000000001
33,46,38,72.10000000000001
33,46,39,81.4
33,46,40,57.900000000000006
33,46,41,82.30000000000001
33,46,42,53.7
33,46,43,38.6
33,46,44,46.1
33,46,45,38.
33,46,46,39.400000000000006
33,46,47,36.7
33,46,48,36.6
33,46,49,32.7
33,46,50,30.3
33,46,51,21.1
33,46,52,19.6
33,47,1,16.2
33,47,2,23.700000000000003
33,47,3,22.8
33,47,4,19.700000000000003
33,47,5,21.6
33,47,6,26.5
33,47,7,25.5
33,47,8,30.1
33,47,9,28.400000000000002
33,47,10,33.
33,47,11,32.4
33,47,12,32.800000000000004
33,47,13,30.400000000000002
33,47,14,32.800000000000004
33,47,15,34.
33,47,16,40.
33,47,17,45.6
33,47,18,49.2
33,47,19,56.5
33,47,20,68.2
33,47,21,84.10000000000001
33,47,22,97.2
33,47,23,78.
33,47,24,73.7
33,47,25,49.800000000000004
33,47,26,50.5
33,47,27,34.300000000000004
33,47,28,35.800000000000004
33,47,29,15.600000000000001
33,47,30,17.6
33,47,31,15.4
33,47,32,22.8
33,47,33,21.900000000000002
33,47,34,32.6
33,47,35,48.2
33,47,36,54.900000000000006
33,47,37,67.9
33,47,38,66.2
33,47,39,72.5
33,47,40,52.2
33,47,41,74.
33,47,42,49.5
33,47,43,35.
33,47,44,44.900000000000006
33,47,45,34.800000000000004
33,47,46,40.400000000000006
33,47,47,36.7
33,47,48,40.
33,47,49,33.
33,47,50,28.8
33,47,51,20.8
33,47,52,19.200000000000003
34,37,1,5.1000000000000005
34,37,2,8.6
34,37,3,8.8
34,37,4,5.9
34,37,5,8.
34,37,6,9.3
34,37,7,13.600000000000001
34,37,8,13.700000000000001
34,37,9,19.400000000000002
34,37,10,17.7
34,37,11,23.700000000000003
34,37,12,26.900000000000002
34,37,13,30.200000000000003
34,37,14,30.
34,37,15,33.2
34,37,16,37.
34,37,17,41.2
34,37,18,46.7
34,37,19,48.5
34,37,20,45.2
34,37,21,51.
34,37,22,56.
34,37,23,57.400000000000006
34,37,24,60.
34,37,25,53.5
34,37,26,59.400000000000006
34,37,27,55.
34,37,28,46.6
34,37,29,47.900000000000006
34,37,30,45.900000000000006
34,37,31,52.
34,37,32,47.7
34,37,33,62.2
34,37,34,62.
34,37,35,75.9
34,37,36,77.30000000000001
34,37,37,80.80000000000001
34,37,38,69.7
34,37,39,63.2
34,37,40,58.7
34,37,41,58.1
34,37,42,42.800000000000004
34,37,43,37.4
34,37,44,32.9
34,37,45,25.8
34,37,46,22.900000000000002
34,37,47,18.2
34,37,48,15.8
34,37,49,11.200000000000001
34,37,50,8.8
34,37,51,6.1000000000000005
34,37,52,4.7
34,38,1,7.300000000000001
34,38,2,11.100000000000001
34,38,3,11.5
34,38,4,9.
34,38,5,11.200000000000001
34,38,6,14.3
34,38,7,19.400000000000002
34,38,8,19.700000000000003
34,38,9,26.8
34,38,10,24.900000000000002
34,38,11,31.6
34,38,12,36.9
34,38,13,37.800000000000004
34,38,14,39.6
34,38,15,42.7
34,38,16,45.1
34,38,17,48.400000000000006
34,38,18,53.800000000000004
34,38,19,53.5
34,38,20,50.400000000000006
34,38,21,58.2
34,38,22,63.7
34,38,23,62.1
34,38,24,65.8
34,38,25,55.400000000000006
34,38,26,62.300000000000004
34,38,27,58.
34,38,28,53.1
34,38,29,51.7
34,38,30,49.400000000000006
34,38,31,57.1
34,38,32,52.400000000000006
34,38,33,65.2
34,38,34,70.8
34,38,35,81.7
34,38,36,87.
34,38,37,89.80000000000001
34,38,38,76.4
34,38,39,68.4
34,38,40,64.3
34,38,41,63.6
34,38,42,48.5
34,38,43,43.6
34,38,44,35.6
34,38,45,29.1
34,38,46,28.
34,38,47,21.3
34,38,48,20.
34,38,49,14.700000000000001
34,38,50,13.
34,38,51,8.1
34,38,52,6.7
34,39,1,8.700000000000001
34,39,2,13.600000000000001
34,39,3,14.100000000000001
34,39,4,11.8
34,39,5,14.4
34,39,6,18.6
34,39,7,23.8
34,39,8,25.200000000000003
34,39,9,32.
34,39,10,30.8
34,39,11,37.7
34,39,12,43.7
34,39,13,42.5
34,39,14,46.
34,39,15,48.900000000000006
34,39,16,49.900000000000006
34,39,17,53.300000000000004
34,39,18,58.
34,39,19,56.5
34,39,20,53.400000000000006
34,39,21,63.
34,39,22,68.60000000000001
34,39,23,65.7
34,39,24,72.7
34,39,25,56.
34,39,26,60.7
34,39,27,60.1
34,39,28,55.2
34,39,29,54.
34,39,30,49.7
34,39,31,58.1
34,39,32,52.7
34,39,33,68.9
34,39,34,77.30000000000001
34,39,35,81.5
34,39,36,88.60000000000001
34,39,37,94.10000000000001
34,39,38,78.5
34,39,39,70.9
34,39,40,68.2
34,39,41,69.4
34,39,42,53.7
34,39,43,50.6
34,39,44,41.7
34,39,45,34.9
34,39,46,34.300000000000004
34,39,47,26.200000000000003
34,39,48,24.400000000000002
34,39,49,18.6
34,39,50,16.2
34,39,51,10.
34,39,52,8.4
34,40,1,10.9
34,40,2,16.2
34,40,3,18.400000000000002
34,40,4,15.5
34,40,5,19.700000000000003
34,40,6,21.700000000000003
34,40,7,28.1
34,40,8,30.700000000000003
34,40,9,36.7
34,40,10,36.1
34,40,11,41.400000000000006
34,40,12,47.5
34,40,13,44.400000000000006
34,40,14,48.800000000000004
34,40,15,51.6
34,40,16,54.300000000000004
34,40,17,54.900000000000006
34,40,18,61.5
34,40,19,58.800000000000004
34,40,20,55.5
34,40,21,66.
34,40,22,73.5
34,40,23,69.
34,40,24,80.10000000000001
34,40,25,56.400000000000006
34,40,26,58.1
34,40,27,60.800000000000004
34,40,28,53.
34,40,29,52.7
34,40,30,45.6
34,40,31,58.1
34,40,32,52.300000000000004
34,40,33,73.10000000000001
34,40,34,79.80000000000001
34,40,35,77.7
34,40,36,85.30000000000001
34,40,37,95.
34,40,38,74.5
34,40,39,73.3
34,40,40,69.2
34,40,41,78.
34,40,42,56.400000000000006
34,40,43,55.800000000000004
34,40,44,48.6
34,40,45,42.2
34,40,46,39.800000000000004
34,40,47,31.400000000000002
34,40,48,29.5
34,40,49,23.3
34,40,50,19.900000000000002
34,40,51,13.4
34,40,52,11.3
34,41,1,15.3
34,41,2,21.6
34,41,3,24.8
34,41,4,21.700000000000003
34,41,5,27.200000000000003
34,41,6,27.700000000000003
34,41,7,36.9
34,41,8,39.400000000000006
34,41,9,46.5
34,41,10,44.6
34,41,11,50.300000000000004
34,41,12,58.1
34,41,13,51.6
34,41,14,56.1
34,41,15,59.
34,41,16,64.5
34,41,17,60.7
34,41,18,67.5
34,41,19,65.
34,41,20,61.400000000000006
34,41,21,78.10000000000001
34,41,22,82.4
34,41,23,77.2
34,41,24,89.7
34,41,25,62.5
34,41,26,62.300000000000004
34,41,27,69.2
34,41,28,56.2
34,41,29,52.1
34,41,30,46.2
34,41,31,59.800000000000004
34,41,32,55.7
34,41,33,77.5
34,41,34,83.60000000000001
34,41,35,81.4
34,41,36,88.7
34,41,37,99.4
34,41,38,77.5
34,41,39,81.4
34,41,40,75.
34,41,41,90.30000000000001
34,41,42,62.1
34,41,43,64.7
34,41,44,54.400000000000006
34,41,45,49.
34,41,46,46.800000000000004
34,41,47,39.6
34,41,48,35.7
34,41,49,30.400000000000002
34,41,50,26.700000000000003
34,41,51,19.
34,41,52,15.9
34,42,1,18.8
34,42,2,23.900000000000002
34,42,3,26.1
34,42,4,24.1
34,42,5,27.1
34,42,6,26.900000000000002
34,42,7,34.800000000000004
34,42,8,38.2
34,42,9,41.900000000000006
34,42,10,41.2
34,42,11,45.300000000000004
34,42,12,51.6
34,42,13,46.
34,42,14,48.900000000000006
34,42,15,54.400000000000006
34,42,16,60.
34,42,17,57.5
34,42,18,65.9
34,42,19,64.
34,42,20,64.3
34,42,21,82.7
34,42,22,89.60000000000001
34,42,23,83.2
34,42,24,100.2
34,42,25,69.7
34,42,26,65.10000000000001
34,42,27,75.3
34,42,28,58.400000000000006
34,42,29,52.400000000000006
34,42,30,51.2
34,42,31,65.5
34,42,32,59.7
34,42,33,82.10000000000001
34,42,34,89.5
34,42,35,88.4
34,42,36,90.4
34,42,37,102.2
34,42,38,79.80000000000001
34,42,39,82.
34,42,40,76.10000000000001
34,42,41,93.30000000000001
34,42,42,65.
34,42,43,62.
34,42,44,53.400000000000006
34,42,45,52.1
34,42,46,44.800000000000004
34,42,47,41.
34,42,48,37.4
34,42,49,33.2
34,42,50,30.700000000000003
34,42,51,22.700000000000003
34,42,52,19.1
34,43,1,18.5
34,43,2,23.1
34,43,3,24.200000000000003
34,43,4,24.3
34,43,5,23.700000000000003
34,43,6,23.8
34,43,7,26.5
34,43,8,31.700000000000003
34,43,9,30.3
34,43,10,31.900000000000002
34,43,11,34.300000000000004
34,43,12,37.9
34,43,13,32.9
34,43,14,33.9
34,43,15,41.400000000000006
34,43,16,45.1
34,43,17,47.300000000000004
34,43,18,54.5
34,43,19,55.300000000000004
34,43,20,62.900000000000006
34,43,21,78.80000000000001
34,43,22,97.60000000000001
34,43,23,95.60000000000001
34,43,24,107.60000000000001
34,43,25,79.60000000000001
34,43,26,70.9
34,43,27,83.2
34,43,28,64.3
34,43,29,54.400000000000006
34,43,30,56.6
34,43,31,69.7
34,43,32,64.5
34,43,33,88.4
34,43,34,90.9
34,43,35,99.9
34,43,36,98.30000000000001
34,43,37,107.80000000000001
34,43,38,87.30000000000001
34,43,39,87.
34,43,40,78.30000000000001
34,43,41,90.60000000000001
34,43,42,65.
34,43,43,53.7
34,43,44,48.800000000000004
34,43,45,47.6
34,43,46,40.400000000000006
34,43,47,36.300000000000004
34,43,48,35.300000000000004
34,43,49,32.
34,43,50,29.
34,43,51,23.6
34,43,52,20.
34,44,1,15.9
34,44,2,21.8
34,44,3,21.3
34,44,4,20.200000000000003
34,44,5,21.
34,44,6,20.6
34,44,7,20.8
34,44,8,27.
34,44,9,23.200000000000003
34,44,10,25.6
34,44,11,25.900000000000002
34,44,12,28.6
34,44,13,25.
34,44,14,25.900000000000002
34,44,15,33.4
34,44,16,37.7
34,44,17,40.400000000000006
34,44,18,47.900000000000006
34,44,19,52.2
34,44,20,63.1
34,44,21,76.4
34,44,22,102.5
34,44,23,98.5
34,44,24,100.2
34,44,25,80.9
34,44,26,67.8
34,44,27,74.60000000000001
34,44,28,64.10000000000001
34,44,29,44.
34,44,30,48.2
34,44,31,58.7
34,44,32,54.1
34,44,33,71.7
34,44,34,78.10000000000001
34,44,35,84.4
34,44,36,96.30000000000001
34,44,37,100.7
34,44,38,85.5
34,44,39,91.5
34,44,40,72.4
34,44,41,81.30000000000001
34,44,42,60.2
34,44,43,47.
34,44,44,43.6
34,44,45,41.7
34,44,46,35.
34,44,47,32.1
34,44,48,32.2
34,44,49,29.8
34,44,50,27.5
34,44,51,21.6
34,44,52,19.400000000000002
34,45,1,16.
34,45,2,22.400000000000002
34,45,3,21.5
34,45,4,18.7
34,45,5,22.200000000000003
34,45,6,22.
34,45,7,21.700000000000003
34,45,8,27.6
34,45,9,24.1
34,45,10,28.5
34,45,11,27.
34,45,12,29.400000000000002
34,45,13,25.1
34,45,14,27.3
34,45,15,32.9
34,45,16,37.5
34,45,17,44.800000000000004
34,45,18,47.300000000000004
34,45,19,53.400000000000006
34,45,20,63.300000000000004
34,45,21,78.4
34,45,22,101.30000000000001
34,45,23,92.
34,45,24,91.4
34,45,25,73.
34,45,26,61.
34,45,27,62.800000000000004
34,45,28,57.5
34,45,29,33.1
34,45,30,35.800000000000004
34,45,31,40.5
34,45,32,42.1
34,45,33,50.7
34,45,34,59.7
34,45,35,66.
34,45,36,85.9
34,45,37,90.5
34,45,38,78.60000000000001
34,45,39,86.7
34,45,40,65.4
34,45,41,79.60000000000001
34,45,42,57.
34,45,43,42.7
34,45,44,43.1
34,45,45,40.300000000000004
34,45,46,35.2
34,45,47,32.5
34,45,48,32.6
34,45,49,32.1
34,45,50,30.5
34,45,51,21.400000000000002
34,45,52,19.5
34,46,1,15.9
34,46,2,22.700000000000003
34,46,3,21.8
34,46,4,18.5
34,46,5,21.400000000000002
34,46,6,22.400000000000002
34,46,7,23.
34,46,8,28.3
34,46,9,25.200000000000003
34,46,10,29.5
34,46,11,28.1
34,46,12,30.200000000000003
34,46,13,26.200000000000003
34,46,14,29.200000000000003
34,46,15,31.900000000000002
34,46,16,39.1
34,46,17,44.6
34,46,18,47.2
34,46,19,54.7
34,46,20,66.
34,46,21,81.60000000000001
34,46,22,105.10000000000001
34,46,23,84.5
34,46,24,84.7
34,46,25,64.2
34,46,26,56.5
34,46,27,49.300000000000004
34,46,28,50.5
34,46,29,22.1
34,46,30,25.700000000000003
34,46,31,26.200000000000003
34,46,32,31.400000000000002
34,46,33,35.7
34,46,34,45.300000000000004
34,46,35,54.6
34,46,36,71.60000000000001
34,46,37,79.
34,46,38,71.9
34,46,39,76.80000000000001
34,46,40,60.300000000000004
34,46,41,76.10000000000001
34,46,42,51.5
34,46,43,37.800000000000004
34,46,44,42.6
34,46,45,37.
34,46,46,35.7
34,46,47,34.7
34,46,48,35.2
34,46,49,34.1
34,46,50,29.8
34,46,51,21.
34,46,52,18.900000000000002
34,47,1,16.2
34,47,2,22.700000000000003
34,47,3,22.5
34,47,4,19.400000000000002
34,47,5,21.3
34,47,6,24.700000000000003
34,47,7,24.400000000000002
34,47,8,29.400000000000002
34,47,9,27.
34,47,10,30.400000000000002
34,47,11,30.
34,47,12,31.8
34,47,13,28.8
34,47,14,30.8
34,47,15,32.300000000000004
34,47,16,40.800000000000004
34,47,17,43.800000000000004
34,47,18,47.7
34,47,19,55.400000000000006
34,47,20,69.7
34,47,21,83.80000000000001
34,47,22,100.4
34,47,23,75.8
34,47,24,75.2
34,47,25,51.6
34,47,26,50.800000000000004
34,47,27,36.300000000000004
34,47,28,41.
34,47,29,15.5
34,47,30,18.6
34,47,31,17.
34,47,32,24.1
34,47,33,25.3
34,47,34,36.6
34,47,35,45.7
34,47,36,56.6
34,47,37,68.8
34,47,38,66.2
34,47,39,68.
34,47,40,54.6
34,47,41,67.9
34,47,42,47.400000000000006
34,47,43,34.300000000000004
34,47,44,41.5
34,47,45,33.9
34,47,46,36.7
34,47,47,34.7
34,47,48,38.7
34,47,49,34.300000000000004
34,47,50,28.3
34,47,51,20.700000000000003
34,47,52,18.6
35,37,1,4.9
35,37,2,7.6000000000000005
35,37,3,7.9
35,37,4,5.800000000000001
35,37,5,8.
35,37,6,9.3
35,37,7,13.8
35,37,8,14.100000000000001
35,37,9,20.700000000000003
35,37,10,17.900000000000002
35,37,11,24.6
35,37,12,28.700000000000003
35,37,13,30.3
35,37,14,30.400000000000002
35,37,15,31.700000000000003
35,37,16,36.2
35,37,17,40.1
35,37,18,44.7
35,37,19,46.400000000000006
35,37,20,43.7
35,37,21,49.7
35,37,22,56.400000000000006
35,37,23,54.5
35,37,24,58.300000000000004
35,37,25,49.400000000000006
35,37,26,55.900000000000006
35,37,27,51.1
35,37,28,45.
35,37,29,45.5
35,37,30,42.900000000000006
35,37,31,49.800000000000004
35,37,32,46.
35,37,33,60.400000000000006
35,37,34,59.7
35,37,35,75.7
35,37,36,76.3
35,37,37,77.
35,37,38,69.10000000000001
35,37,39,60.7
35,37,40,54.2
35,37,41,53.6
35,37,42,38.5
35,37,43,34.5
35,37,44,29.400000000000002
35,37,45,24.1
35,37,46,20.5
35,37,47,16.900000000000002
35,37,48,14.700000000000001
35,37,49,10.5
35,37,50,8.8
35,37,51,5.9
35,37,52,4.800000000000001
35,38,1,5.6000000000000005
35,38,2,8.8
35,38,3,8.9
35,38,4,6.5
35,38,5,9.200000000000001
35,38,6,10.700000000000001
35,38,7,15.8
35,38,8,15.700000000000001
35,38,9,21.900000000000002
35,38,10,20.200000000000003
35,38,11,26.5
35,38,12,29.400000000000002
35,38,13,31.900000000000002
35,38,14,32.5
35,38,15,35.2
35,38,16,38.1
35,38,17,41.400000000000006
35,38,18,47.5
35,38,19,46.2
35,38,20,44.800000000000004
35,38,21,51.400000000000006
35,38,22,56.
35,38,23,55.900000000000006
35,38,24,57.5
35,38,25,47.900000000000006
35,38,26,53.5
35,38,27,49.6
35,38,28,43.2
35,38,29,41.5
35,38,30,39.5
35,38,31,47.7
35,38,32,45.
35,38,33,55.2
35,38,34,58.2
35,38,35,67.4
35,38,36,73.7
35,38,37,78.30000000000001
35,38,38,66.7
35,38,39,60.5
35,38,40,55.7
35,38,41,54.7
35,38,42,43.5
35,38,43,37.300000000000004
35,38,44,30.8
35,38,45,26.6
35,38,46,22.5
35,38,47,17.8
35,38,48,16.2
35,38,49,12.100000000000001
35,38,50,10.3
35,38,51,6.800000000000001
35,38,52,5.300000000000001
35,39,1,6.6000000000000005
35,39,2,10.8
35,39,3,10.9
35,39,4,8.8
35,39,5,11.8
35,39,6,14.
35,39,7,19.3
35,39,8,20.3
35,39,9,25.8
35,39,10,25.3
35,39,11,31.1
35,39,12,34.
35,39,13,35.5
35,39,14,37.6
35,39,15,40.300000000000004
35,39,16,41.300000000000004
35,39,17,44.900000000000006
35,39,18,50.300000000000004
35,39,19,48.1
35,39,20,46.6
35,39,21,54.7
35,39,22,58.7
35,39,23,57.900000000000006
35,39,24,62.5
35,39,25,47.300000000000004
35,39,26,50.300000000000004
35,39,27,50.5
35,39,28,43.2
35,39,29,42.5
35,39,30,38.2
35,39,31,46.800000000000004
35,39,32,43.900000000000006
35,39,33,57.400000000000006
35,39,34,62.400000000000006
35,39,35,63.5
35,39,36,73.
35,39,37,80.4
35,39,38,66.5
35,39,39,61.400000000000006
35,39,40,59.
35,39,41,59.400000000000006
35,39,42,48.800000000000004
35,39,43,43.7
35,39,44,37.4
35,39,45,32.5
35,39,46,28.200000000000003
35,39,47,22.400000000000002
35,39,48,20.200000000000003
35,39,49,15.700000000000001
35,39,50,12.8
35,39,51,8.6
35,39,52,6.6000000000000005
35,40,1,8.4
35,40,2,13.4
35,40,3,14.3
35,40,4,13.
35,40,5,16.400000000000002
35,40,6,18.6
35,40,7,23.900000000000002
35,40,8,26.6
35,40,9,32.7
35,40,10,32.5
35,40,11,37.2
35,40,12,42.7
35,40,13,40.
35,40,14,43.900000000000006
35,40,15,45.6
35,40,16,46.400000000000006
35,40,17,48.900000000000006
35,40,18,52.800000000000004
35,40,19,51.1
35,40,20,48.
35,40,21,58.2
35,40,22,62.6
35,40,23,60.
35,40,24,68.5
35,40,25,47.6
35,40,26,48.800000000000004
35,40,27,53.400000000000006
35,40,28,43.900000000000006
35,40,29,45.
35,40,30,38.7
35,40,31,45.300000000000004
35,40,32,43.400000000000006
35,40,33,59.2
35,40,34,66.60000000000001
35,40,35,63.5
35,40,36,72.60000000000001
35,40,37,78.80000000000001
35,40,38,65.5
35,40,39,64.8
35,40,40,60.6
35,40,41,64.7
35,40,42,50.800000000000004
35,40,43,49.5
35,40,44,42.2
35,40,45,37.6
35,40,46,34.2
35,40,47,27.5
35,40,48,24.6
35,40,49,19.6
35,40,50,15.5
35,40,51,11.100000000000001
35,40,52,9.
35,41,1,14.200000000000001
35,41,2,20.900000000000002
35,41,3,23.200000000000003
35,41,4,20.200000000000003
35,41,5,26.200000000000003
35,41,6,27.700000000000003
35,41,7,37.1
35,41,8,38.6
35,41,9,48.5
35,41,10,46.2
35,41,11,51.7
35,41,12,60.400000000000006
35,41,13,53.800000000000004
35,41,14,58.300000000000004
35,41,15,60.900000000000006
35,41,16,65.3
35,41,17,61.6
35,41,18,66.4
35,41,19,66.
35,41,20,61.7
35,41,21,78.2
35,41,22,82.5
35,41,23,75.2
35,41,24,83.5
35,41,25,59.300000000000004
35,41,26,60.
35,41,27,68.3
35,41,28,53.6
35,41,29,48.6
35,41,30,42.
35,41,31,48.7
35,41,32,50.5
35,41,33,66.5
35,41,34,74.60000000000001
35,41,35,73.9
35,41,36,82.9
35,41,37,91.30000000000001
35,41,38,76.4
35,41,39,84.2
35,41,40,77.
35,41,41,86.4
35,41,42,64.3
35,41,43,64.10000000000001
35,41,44,53.5
35,41,45,49.6
35,41,46,46.1
35,41,47,40.1
35,41,48,33.4
35,41,49,29.8
35,41,50,25.
35,41,51,18.7
35,41,52,14.3
35,42,1,20.900000000000002
35,42,2,28.700000000000003
35,42,3,33.2
35,42,4,28.700000000000003
35,42,5,35.6
35,42,6,35.9
35,42,7,48.2
35,42,8,51.900000000000006
35,42,9,59.1
35,42,10,57.2
35,42,11,63.800000000000004
35,42,12,72.5
35,42,13,64.2
35,42,14,68.
35,42,15,70.7
35,42,16,74.8
35,42,17,72.2
35,42,18,79.5
35,42,19,76.9
35,42,20,75.7
35,42,21,96.7
35,42,22,95.4
35,42,23,89.10000000000001
35,42,24,100.4
35,42,25,72.60000000000001
35,42,26,69.10000000000001
35,42,27,75.9
35,42,28,59.5
35,42,29,52.5
35,42,30,47.2
35,42,31,53.400000000000006
35,42,32,56.2
35,42,33,70.9
35,42,34,84.30000000000001
35,42,35,82.
35,42,36,90.4
35,42,37,106.80000000000001
35,42,38,85.80000000000001
35,42,39,91.
35,42,40,84.80000000000001
35,42,41,99.4
35,42,42,76.7
35,42,43,75.3
35,42,44,65.9
35,42,45,62.
35,42,46,56.
35,42,47,51.2
35,42,48,45.6
35,42,49,38.800000000000004
35,42,50,35.2
35,42,51,26.5
35,42,52,21.200000000000003
35,43,1,20.700000000000003
35,43,2,28.
35,43,3,30.1
35,43,4,26.400000000000002
35,43,5,31.1
35,43,6,30.900000000000002
35,43,7,39.300000000000004
35,43,8,43.6
35,43,9,46.5
35,43,10,47.2
35,43,11,51.5
35,43,12,59.
35,43,13,51.2
35,43,14,53.5
35,43,15,59.300000000000004
35,43,16,63.2
35,43,17,63.
35,43,18,70.
35,43,19,67.5
35,43,20,70.8
35,43,21,90.10000000000001
35,43,22,92.9
35,43,23,91.4
35,43,24,96.2
35,43,25,70.10000000000001
35,43,26,64.4
35,43,27,72.3
35,43,28,56.
35,43,29,48.6
35,43,30,46.400000000000006
35,43,31,52.6
35,43,32,55.2
35,43,33,72.2
35,43,34,79.9
35,43,35,82.2
35,43,36,90.60000000000001
35,43,37,103.30000000000001
35,43,38,81.10000000000001
35,43,39,86.7
35,43,40,74.7
35,43,41,87.4
35,43,42,69.
35,43,43,61.400000000000006
35,43,44,57.1
35,43,45,54.
35,43,46,49.400000000000006
35,43,47,45.
35,43,48,41.900000000000006
35,43,49,37.300000000000004
35,43,50,34.2
35,43,51,26.900000000000002
35,43,52,22.1
35,44,1,17.400000000000002
35,44,2,23.6
35,44,3,24.900000000000002
35,44,4,21.5
35,44,5,25.1
35,44,6,24.6
35,44,7,27.3
35,44,8,32.5
35,44,9,30.400000000000002
35,44,10,32.800000000000004
35,44,11,33.800000000000004
35,44,12,38.6
35,44,13,33.1
35,44,14,34.6
35,44,15,41.400000000000006
35,44,16,44.800000000000004
35,44,17,45.900000000000006
35,44,18,54.
35,44,19,56.1
35,44,20,63.400000000000006
35,44,21,79.30000000000001
35,44,22,95.30000000000001
35,44,23,95.30000000000001
35,44,24,94.
35,44,25,75.7
35,44,26,66.9
35,44,27,71.8
35,44,28,62.6
35,44,29,45.1
35,44,30,47.
35,44,31,53.300000000000004
35,44,32,53.5
35,44,33,68.60000000000001
35,44,34,77.30000000000001
35,44,35,77.5
35,44,36,96.7
35,44,37,96.9
35,44,38,80.4
35,44,39,90.9
35,44,40,68.8
35,44,41,76.2
35,44,42,61.5
35,44,43,50.1
35,44,44,46.900000000000006
35,44,45,42.5
35,44,46,38.6
35,44,47,36.300000000000004
35,44,48,35.
35,44,49,32.2
35,44,50,29.5
35,44,51,23.3
35,44,52,20.400000000000002
35,45,1,16.3
35,45,2,22.
35,45,3,22.400000000000002
35,45,4,18.7
35,45,5,22.1
35,45,6,21.6
35,45,7,21.5
35,45,8,27.1
35,45,9,23.6
35,45,10,27.8
35,45,11,27.3
35,45,12,30.
35,45,13,25.200000000000003
35,45,14,27.400000000000002
35,45,15,33.7
35,45,16,38.900000000000006
35,45,17,41.800000000000004
35,45,18,50.
35,45,19,55.300000000000004
35,45,20,64.4
35,45,21,80.60000000000001
35,45,22,99.7
35,45,23,93.2
35,45,24,92.7
35,45,25,73.8
35,45,26,63.2
35,45,27,65.
35,45,28,61.7
35,45,29,35.5
35,45,30,40.800000000000004
35,45,31,44.800000000000004
35,45,32,46.5
35,45,33,56.300000000000004
35,45,34,65.3
35,45,35,68.4
35,45,36,89.5
35,45,37,87.60000000000001
35,45,38,75.8
35,45,39,82.2
35,45,40,65.8
35,45,41,71.10000000000001
35,45,42,54.900000000000006
35,45,43,42.1
35,45,44,41.900000000000006
35,45,45,37.
35,45,46,34.300000000000004
35,45,47,32.6
35,45,48,32.6
35,45,49,32.6
35,45,50,29.200000000000003
35,45,51,22.200000000000003
35,45,52,19.5
35,46,1,16.2
35,46,2,22.1
35,46,3,22.400000000000002
35,46,4,18.3
35,46,5,21.200000000000003
35,46,6,21.700000000000003
35,46,7,22.200000000000003
35,46,8,27.8
35,46,9,24.5
35,46,10,28.5
35,46,11,27.8
35,46,12,30.5
35,46,13,25.900000000000002
35,46,14,28.700000000000003
35,46,15,31.900000000000002
35,46,16,40.400000000000006
35,46,17,42.1
35,46,18,48.800000000000004
35,46,19,56.2
35,46,20,67.
35,46,21,83.60000000000001
35,46,22,104.30000000000001
35,46,23,84.80000000000001
35,46,24,85.5
35,46,25,65.60000000000001
35,46,26,58.400000000000006
35,46,27,50.7
35,46,28,54.5
35,46,29,23.8
35,46,30,29.8
35,46,31,29.8
35,46,32,34.7
35,46,33,40.5
35,46,34,49.800000000000004
35,46,35,56.6
35,46,36,74.8
35,46,37,76.5
35,46,38,69.4
35,46,39,72.3
35,46,40,61.300000000000004
35,46,41,67.10000000000001
35,46,42,49.300000000000004
35,46,43,37.5
35,46,44,40.900000000000006
35,46,45,34.5
35,46,46,34.
35,46,47,34.4
35,46,48,34.6
35,46,49,34.4
35,46,50,28.8
35,46,51,21.6
35,46,52,19.
35,47,1,16.
35,47,2,22.3
35,47,3,22.6
35,47,4,18.7
35,47,5,21.5
35,47,6,22.8
35,47,7,22.6
35,47,8,28.8
35,47,9,25.6
35,47,10,29.1
35,47,11,28.900000000000002
35,47,12,32.5
35,47,13,27.200000000000003
35,47,14,29.700000000000003
35,47,15,32.
35,47,16,41.6
35,47,17,42.400000000000006
35,47,18,47.300000000000004
35,47,19,56.
35,47,20,71.10000000000001
35,47,21,84.60000000000001
35,47,22,102.30000000000001
35,47,23,76.9
35,47,24,78.2
35,47,25,53.2
35,47,26,52.400000000000006
35,47,27,37.6
35,47,28,42.7
35,47,29,15.4
35,47,30,19.5
35,47,31,17.8
35,47,32,23.8
35,47,33,27.400000000000002
35,47,34,38.
35,47,35,46.5
35,47,36,57.900000000000006
35,47,37,65.10000000000001
35,47,38,65.
35,47,39,65.60000000000001
35,47,40,55.6
35,47,41,61.6
35,47,42,46.800000000000004
35,47,43,34.4
35,47,44,40.5
35,47,45,33.2
35,47,46,33.7
35,47,47,33.4
35,47,48,35.6
35,47,49,34.7
35,47,50,28.1
35,47,51,20.900000000000002
35,47,52,19.6
36,37,1,3.8000000000000003
36,37,2,6.5
36,37,3,6.4
36,37,4,5.1000000000000005
36,37,5,7.1000000000000005
36,37,6,8.200000000000001
36,37,7,12.600000000000001
36,37,8,13.4
36,37,9,19.6
36,37,10,15.9
36,37,11,22.8
36,37,12,27.900000000000002
36,37,13,27.900000000000002
36,37,14,27.5
36,37,15,28.
36,37,16,32.300000000000004
36,37,17,37.800000000000004
36,37,18,39.
36,37,19,42.400000000000006
36,37,20,39.5
36,37,21,44.900000000000006
36,37,22,54.400000000000006
36,37,23,51.5
36,37,24,55.2
36,37,25,46.2
36,37,26,51.7
36,37,27,47.
36,37,28,40.800000000000004
36,37,29,41.7
36,37,30,38.5
36,37,31,45.2
36,37,32,42.900000000000006
36,37,33,58.
36,37,34,56.6
36,37,35,74.2
36,37,36,72.2
36,37,37,72.10000000000001
36,37,38,65.60000000000001
36,37,39,56.800000000000004
36,37,40,51.800000000000004
36,37,41,47.300000000000004
36,37,42,36.1
36,37,43,30.8
36,37,44,27.700000000000003
36,37,45,22.3
36,37,46,18.400000000000002
36,37,47,14.9
36,37,48,12.5
36,37,49,9.4
36,37,50,7.7
36,37,51,5.2
36,37,52,4.2
36,38,1,4.4
36,38,2,7.7
36,38,3,7.300000000000001
36,38,4,5.800000000000001
36,38,5,8.200000000000001
36,38,6,9.3
36,38,7,14.200000000000001
36,38,8,14.3
36,38,9,20.400000000000002
36,38,10,17.7
36,38,11,24.6
36,38,12,28.200000000000003
36,38,13,29.700000000000003
36,38,14,29.400000000000002
36,38,15,30.8
36,38,16,34.5
36,38,17,39.800000000000004
36,38,18,41.900000000000006
36,38,19,43.
36,38,20,41.7
36,38,21,47.2
36,38,22,54.1
36,38,23,54.300000000000004
36,38,24,53.900000000000006
36,38,25,46.2
36,38,26,48.900000000000006
36,38,27,45.7
36,38,28,38.1
36,38,29,36.300000000000004
36,38,30,34.800000000000004
36,38,31,42.300000000000004
36,38,32,41.
36,38,33,51.2
36,38,34,53.400000000000006
36,38,35,63.300000000000004
36,38,36,67.4
36,38,37,71.10000000000001
36,38,38,62.1
36,38,39,56.7
36,38,40,54.
36,38,41,48.800000000000004
36,38,42,42.800000000000004
36,38,43,34.800000000000004
36,38,44,29.6
36,38,45,25.900000000000002
36,38,46,20.700000000000003
36,38,47,16.400000000000002
36,38,48,13.9
36,38,49,11.4
36,38,50,9.3
36,38,51,6.300000000000001
36,38,52,4.7
36,39,1,6.1000000000000005
36,39,2,10.4
36,39,3,10.200000000000001
36,39,4,8.1
36,39,5,11.4
36,39,6,12.9
36,39,7,18.3
36,39,8,19.
36,39,9,25.5
36,39,10,23.8
36,39,11,31.
36,39,12,33.
36,39,13,35.5
36,39,14,36.300000000000004
36,39,15,38.5
36,39,16,40.800000000000004
36,39,17,45.400000000000006
36,39,18,50.400000000000006
36,39,19,47.900000000000006
36,39,20,48.
36,39,21,53.7
36,39,22,61.5
36,39,23,61.5
36,39,24,59.6
36,39,25,48.300000000000004
36,39,26,50.1
36,39,27,50.7
36,39,28,40.6
36,39,29,38.7
36,39,30,35.
36,39,31,42.900000000000006
36,39,32,40.800000000000004
36,39,33,52.7
36,39,34,58.300000000000004
36,39,35,59.800000000000004
36,39,36,68.10000000000001
36,39,37,77.10000000000001
36,39,38,66.5
36,39,39,62.800000000000004
36,39,40,61.900000000000006
36,39,41,59.5
36,39,42,53.2
36,39,43,43.800000000000004
36,39,44,37.7
36,39,45,34.300000000000004
36,39,46,26.700000000000003
36,39,47,21.6
36,39,48,18.1
36,39,49,15.
36,39,50,12.4
36,39,51,8.700000000000001
36,39,52,6.1000000000000005
36,40,1,8.3
36,40,2,13.5
36,40,3,14.200000000000001
36,40,4,12.
36,40,5,16.3
36,40,6,17.400000000000002
36,40,7,23.6
36,40,8,25.900000000000002
36,40,9,34.
36,40,10,31.700000000000003
36,40,11,38.1
36,40,12,42.6
36,40,13,40.900000000000006
36,40,14,43.800000000000004
36,40,15,46.7
36,40,16,47.
36,40,17,49.800000000000004
36,40,18,56.1
36,40,19,52.6
36,40,20,51.2
36,40,21,59.2
36,40,22,70.10000000000001
36,40,23,66.2
36,40,24,67.8
36,40,25,49.400000000000006
36,40,26,52.300000000000004
36,40,27,56.800000000000004
36,40,28,44.5
36,40,29,43.
36,40,30,36.5
36,40,31,43.1
36,40,32,42.1
36,40,33,55.300000000000004
36,40,34,64.9
36,40,35,62.900000000000006
36,40,36,70.8
36,40,37,81.60000000000001
36,40,38,70.5
36,40,39,70.5
36,40,40,67.2
36,40,41,69.
36,40,42,57.2
36,40,43,50.
36,40,44,43.900000000000006
36,40,45,39.800000000000004
36,40,46,32.300000000000004
36,40,47,26.700000000000003
36,40,48,22.400000000000002
36,40,49,18.400000000000002
36,40,50,15.3
36,40,51,11.5
36,40,52,8.200000000000001
36,41,1,10.200000000000001
36,41,2,15.100000000000001
36,41,3,17.1
36,41,4,15.9
36,41,5,19.700000000000003
36,41,6,20.8
36,41,7,27.3
36,41,8,30.900000000000002
36,41,9,38.400000000000006
36,41,10,35.9
36,41,11,41.7
36,41,12,48.300000000000004
36,41,13,43.800000000000004
36,41,14,46.2
36,41,15,47.900000000000006
36,41,16,48.400000000000006
36,41,17,50.
36,41,18,53.300000000000004
36,41,19,51.7
36,41,20,48.900000000000006
36,41,21,59.300000000000004
36,41,22,67.
36,41,23,63.800000000000004
36,41,24,66.4
36,41,25,47.800000000000004
36,41,26,48.5
36,41,27,55.5
36,41,28,44.1
36,41,29,40.300000000000004
36,41,30,33.9
36,41,31,39.400000000000006
36,41,32,41.800000000000004
36,41,33,52.
36,41,34,60.900000000000006
36,41,35,59.5
36,41,36,69.10000000000001
36,41,37,74.7
36,41,38,65.
36,41,39,68.4
36,41,40,60.5
36,41,41,66.3
36,41,42,52.5
36,41,43,47.1
36,41,44,39.900000000000006
36,41,45,37.1
36,41,46,33.9
36,41,47,28.5
36,41,48,24.1
36,41,49,20.
36,41,50,17.3
36,41,51,13.200000000000001
36,41,52,10.100000000000001
36,42,1,16.2
36,42,2,21.700000000000003
36,42,3,25.900000000000002
36,42,4,22.1
36,42,5,29.
36,42,6,30.5
36,42,7,38.5
36,42,8,43.7
36,42,9,50.400000000000006
36,42,10,47.6
36,42,11,56.300000000000004
36,42,12,62.900000000000006
36,42,13,56.5
36,42,14,58.5
36,42,15,59.5
36,42,16,62.6
36,42,17,61.5
36,42,18,64.60000000000001
36,42,19,62.300000000000004
36,42,20,61.400000000000006
36,42,21,77.
36,42,22,76.80000000000001
36,42,23,76.3
36,42,24,81.7
36,42,25,58.800000000000004
36,42,26,60.1
36,42,27,65.8
36,42,28,50.400000000000006
36,42,29,45.6
36,42,30,37.6
36,42,31,42.5
36,42,32,46.900000000000006
36,42,33,58.900000000000006
36,42,34,70.3
36,42,35,72.10000000000001
36,42,36,79.9
36,42,37,92.9
36,42,38,75.
36,42,39,78.30000000000001
36,42,40,73.2
36,42,41,79.80000000000001
36,42,42,63.5
36,42,43,58.
36,42,44,50.1
36,42,45,45.2
36,42,46,41.5
36,42,47,37.
36,42,48,33.300000000000004
36,42,49,27.8
36,42,50,24.900000000000002
36,42,51,19.6
36,42,52,15.4
36,43,1,21.700000000000003
36,43,2,29.6
36,43,3,35.4
36,43,4,28.8
36,43,5,36.800000000000004
36,43,6,36.7
36,43,7,48.2
36,43,8,52.300000000000004
36,43,9,57.6
36,43,10,57.400000000000006
36,43,11,62.7
36,43,12,72.10000000000001
36,43,13,62.6
36,43,14,64.8
36,43,15,64.9
36,43,16,70.9
36,43,17,69.2
36,43,18,76.10000000000001
36,43,19,72.60000000000001
36,43,20,72.
36,43,21,93.30000000000001
36,43,22,92.10000000000001
36,43,23,92.
36,43,24,92.2
36,43,25,63.800000000000004
36,43,26,63.300000000000004
36,43,27,65.10000000000001
36,43,28,50.5
36,43,29,43.300000000000004
36,43,30,38.2
36,43,31,41.6
36,43,32,47.1
36,43,33,61.1
36,43,34,70.7
36,43,35,72.7
36,43,36,86.5
36,43,37,101.10000000000001
36,43,38,80.
36,43,39,84.60000000000001
36,43,40,76.3
36,43,41,81.60000000000001
36,43,42,72.8
36,43,43,63.800000000000004
36,43,44,60.
36,43,45,56.7
36,43,46,52.400000000000006
36,43,47,49.
36,43,48,45.
36,43,49,38.6
36,43,50,35.5
36,43,51,27.400000000000002
36,43,52,21.200000000000003
36,44,1,24.3
36,44,2,30.6
36,44,3,32.6
36,44,4,29.
36,44,5,35.1
36,44,6,33.5
36,44,7,40.6
36,44,8,46.400000000000006
36,44,9,48.7
36,44,10,50.7
36,44,11,53.6
36,44,12,59.900000000000006
36,44,13,52.5
36,44,14,53.300000000000004
36,44,15,55.1
36,44,16,62.2
36,44,17,61.300000000000004
36,44,18,69.9
36,44,19,67.3
36,44,20,69.7
36,44,21,84.9
36,44,22,98.9
36,44,23,91.9
36,44,24,88.80000000000001
36,44,25,65.7
36,44,26,62.5
36,44,27,62.
36,44,28,52.900000000000006
36,44,29,38.900000000000006
36,44,30,38.900000000000006
36,44,31,42.
36,44,32,46.
36,44,33,59.800000000000004
36,44,34,64.3
36,44,35,67.7
36,44,36,89.5
36,44,37,93.80000000000001
36,44,38,76.5
36,44,39,82.60000000000001
36,44,40,65.10000000000001
36,44,41,71.4
36,44,42,65.
36,44,43,55.400000000000006
36,44,44,55.5
36,44,45,51.2
36,44,46,48.800000000000004
36,44,47,45.800000000000004
36,44,48,43.1
36,44,49,39.
36,44,50,37.5
36,44,51,29.700000000000003
36,44,52,25.6
36,45,1,19.
36,45,2,23.8
36,45,3,25.5
36,45,4,21.3
36,45,5,25.6
36,45,6,24.400000000000002
36,45,7,26.3
36,45,8,31.700000000000003
36,45,9,29.700000000000003
36,45,10,33.6
36,45,11,34.2
36,45,12,37.300000000000004
36,45,13,31.8
36,45,14,33.6
36,45,15,37.5
36,45,16,44.7
36,45,17,44.5
36,45,18,54.800000000000004
36,45,19,58.7
36,45,20,65.3
36,45,21,80.9
36,45,22,99.2
36,45,23,90.30000000000001
36,45,24,88.5
36,45,25,70.60000000000001
36,45,26,62.1
36,45,27,61.1
36,45,28,58.800000000000004
36,45,29,35.2
36,45,30,41.2
36,45,31,42.900000000000006
36,45,32,45.900000000000006
36,45,33,55.900000000000006
36,45,34,61.2
36,45,35,69.10000000000001
36,45,36,88.7
36,45,37,88.2
36,45,38,72.5
36,45,39,77.60000000000001
36,45,40,60.900000000000006
36,45,41,61.2
36,45,42,52.6
36,45,43,42.7
36,45,44,43.400000000000006
36,45,45,38.300000000000004
36,45,46,36.300000000000004
36,45,47,35.300000000000004
36,45,48,35.2
36,45,49,33.2
36,45,50,31.200000000000003
36,45,51,24.5
36,45,52,21.5
36,46,1,16.8
36,46,2,22.200000000000003
36,46,3,23.3
36,46,4,18.3
36,46,5,21.3
36,46,6,21.400000000000002
36,46,7,21.6
36,46,8,26.900000000000002
36,46,9,23.6
36,46,10,27.
36,46,11,27.400000000000002
36,46,12,30.200000000000003
36,46,13,25.3
36,46,14,28.200000000000003
36,46,15,31.3
36,46,16,41.1
36,46,17,40.7
36,46,18,49.400000000000006
36,46,19,58.400000000000006
36,46,20,68.2
36,46,21,85.9
36,46,22,107.7
36,46,23,87.60000000000001
36,46,24,85.
36,46,25,66.8
36,46,26,61.
36,46,27,52.5
36,46,28,55.5
36,46,29,26.700000000000003
36,46,30,33.2
36,46,31,32.9
36,46,32,36.300000000000004
36,46,33,44.1
36,46,34,49.6
36,46,35,66.
36,46,36,75.10000000000001
36,46,37,77.80000000000001
36,46,38,68.
36,46,39,76.
36,46,40,57.7
36,46,41,56.800000000000004
36,46,42,47.300000000000004
36,46,43,36.7
36,46,44,39.
36,46,45,33.6
36,46,46,32.5
36,46,47,33.
36,46,48,32.800000000000004
36,46,49,31.6
36,46,50,29.400000000000002
36,46,51,22.3
36,46,52,19.8
36,47,1,16.400000000000002
36,47,2,22.3
36,47,3,23.
36,47,4,18.400000000000002
36,47,5,21.3
36,47,6,22.200000000000003
36,47,7,22.1
36,47,8,27.8
36,47,9,24.900000000000002
36,47,10,27.400000000000002
36,47,11,28.700000000000003
36,47,12,32.7
36,47,13,26.700000000000003
36,47,14,29.5
36,47,15,32.1
36,47,16,42.7
36,47,17,41.400000000000006
36,47,18,47.800000000000004
36,47,19,58.400000000000006
36,47,20,72.4
36,47,21,86.9
36,47,22,106.10000000000001
36,47,23,81.
36,47,24,78.60000000000001
36,47,25,53.900000000000006
36,47,26,55.5
36,47,27,39.5
36,47,28,42.300000000000004
36,47,29,17.2
36,47,30,21.400000000000002
36,47,31,19.8
36,47,32,24.1
36,47,33,30.1
36,47,34,36.7
36,47,35,54.800000000000004
36,47,36,57.5
36,47,37,65.10000000000001
36,47,38,64.
36,47,39,69.5
36,47,40,52.1
36,47,41,53.400000000000006
36,47,42,46.
36,47,43,33.9
36,47,44,38.5
36,47,45,32.6
36,47,46,32.1
36,47,47,32.
36,47,48,32.6
36,47,49,32.300000000000004
36,47,50,28.8
36,47,51,21.5
36,47,52,20.6
37,37,1,3.7
37,37,2,5.9
37,37,3,6.300000000000001
37,37,4,5.
37,37,5,6.9
37,37,6,7.300000000000001
37,37,7,11.5
37,37,8,12.600000000000001
37,37,9,18.900000000000002
37,37,10,14.200000000000001
37,37,11,21.700000000000003
37,37,12,27.1
37,37,13,26.400000000000002
37,37,14,26.700000000000003
37,37,15,26.1
37,37,16,29.6
37,37,17,36.
37,37,18,35.300000000000004
37,37,19,39.800000000000004
37,37,20,36.300000000000004
37,37,21,42.400000000000006
37,37,22,51.5
37,37,23,47.800000000000004
37,37,24,51.300000000000004
37,37,25,44.5
37,37,26,48.6
37,37,27,43.2
37,37,28,35.5
37,37,29,36.800000000000004
37,37,30,34.
37,37,31,40.400000000000006
37,37,32,40.6
37,37,33,52.7
37,37,34,52.
37,37,35,69.4
37,37,36,62.7
37,37,37,68.3
37,37,38,60.400000000000006
37,37,39,56.900000000000006
37,37,40,49.6
37,37,41,44.300000000000004
37,37,42,35.800000000000004
37,37,43,28.6
37,37,44,27.8
37,37,45,21.6
37,37,46,17.900000000000002
37,37,47,15.
37,37,48,12.3
37,37,49,8.700000000000001
37,37,50,7.
37,37,51,5.2
37,37,52,3.9000000000000004
37,38,1,4.5
37,38,2,7.5
37,38,3,7.800000000000001
37,38,4,6.2
37,38,5,9.1
37,38,6,9.3
37,38,7,14.4
37,38,8,14.9
37,38,9,22.700000000000003
37,38,10,18.7
37,38,11,26.1
37,38,12,30.400000000000002
37,38,13,29.900000000000002
37,38,14,31.400000000000002
37,38,15,32.7
37,38,16,34.4
37,38,17,40.800000000000004
37,38,18,43.1
37,38,19,43.6
37,38,20,42.7
37,38,21,47.7
37,38,22,57.800000000000004
37,38,23,54.800000000000004
37,38,24,52.6
37,38,25,48.400000000000006
37,38,26,50.6
37,38,27,45.6
37,38,28,36.2
37,38,29,36.300000000000004
37,38,30,33.
37,38,31,40.2
37,38,32,41.400000000000006
37,38,33,52.2
37,38,34,52.
37,38,35,65.8
37,38,36,66.10000000000001
37,38,37,72.3
37,38,38,63.6
37,38,39,63.2
37,38,40,56.6
37,38,41,51.2
37,38,42,45.300000000000004
37,38,43,34.4
37,38,44,30.5
37,38,45,26.6
37,38,46,20.400000000000002
37,38,47,16.8
37,38,48,14.100000000000001
37,38,49,11.100000000000001
37,38,50,9.3
37,38,51,6.4
37,38,52,4.800000000000001
37,39,1,5.5
37,39,2,9.3
37,39,3,9.5
37,39,4,7.9
37,39,5,11.
37,39,6,11.8
37,39,7,17.3
37,39,8,18.
37,39,9,25.5
37,39,10,23.8
37,39,11,29.700000000000003
37,39,12,32.4
37,39,13,33.2
37,39,14,35.300000000000004
37,39,15,38.7
37,39,16,38.800000000000004
37,39,17,44.400000000000006
37,39,18,50.400000000000006
37,39,19,47.
37,39,20,47.800000000000004
37,39,21,51.900000000000006
37,39,22,63.300000000000004
37,39,23,61.1
37,39,24,54.
37,39,25,49.2
37,39,26,50.800000000000004
37,39,27,48.900000000000006
37,39,28,38.5
37,39,29,38.
37,39,30,32.300000000000004
37,39,31,40.2
37,39,32,40.5
37,39,33,52.6
37,39,34,55.300000000000004
37,39,35,61.6
37,39,36,67.7
37,39,37,77.7
37,39,38,68.60000000000001
37,39,39,67.60000000000001
37,39,40,62.
37,39,41,59.5
37,39,42,52.7
37,39,43,40.800000000000004
37,39,44,35.1
37,39,45,33.1
37,39,46,24.200000000000003
37,39,47,19.400000000000002
37,39,48,16.900000000000002
37,39,49,13.5
37,39,50,11.600000000000001
37,39,51,8.
37,39,52,5.800000000000001
37,40,1,6.800000000000001
37,40,2,11.3
37,40,3,11.3
37,40,4,10.
37,40,5,12.9
37,40,6,14.5
37,40,7,18.5
37,40,8,21.3
37,40,9,28.700000000000003
37,40,10,28.3
37,40,11,32.2
37,40,12,36.7
37,40,13,35.800000000000004
37,40,14,37.9
37,40,15,41.
37,40,16,42.300000000000004
37,40,17,45.5
37,40,18,52.2
37,40,19,48.400000000000006
37,40,20,48.400000000000006
37,40,21,53.
37,40,22,67.9
37,40,23,63.1
37,40,24,57.300000000000004
37,40,25,46.7
37,40,26,48.
37,40,27,49.5
37,40,28,40.7
37,40,29,38.2
37,40,30,30.
37,40,31,37.6
37,40,32,38.1
37,40,33,50.
37,40,34,57.5
37,40,35,58.5
37,40,36,66.
37,40,37,80.60000000000001
37,40,38,69.7
37,40,39,68.3
37,40,40,60.900000000000006
37,40,41,63.900000000000006
37,40,42,53.
37,40,43,43.1
37,40,44,37.7
37,40,45,36.
37,40,46,26.700000000000003
37,40,47,21.6
37,40,48,18.6
37,40,49,15.
37,40,50,12.5
37,40,51,9.600000000000001
37,40,52,6.6000000000000005
37,41,1,8.4
37,41,2,12.9
37,41,3,14.4
37,41,4,12.8
37,41,5,16.
37,41,6,18.6
37,41,7,22.400000000000002
37,41,8,26.6
37,41,9,34.2
37,41,10,33.300000000000004
37,41,11,38.400000000000006
37,41,12,43.6
37,41,13,40.7
37,41,14,43.2
37,41,15,44.400000000000006
37,41,16,47.6
37,41,17,48.300000000000004
37,41,18,52.2
37,41,19,49.5
37,41,20,47.800000000000004
37,41,21,56.2
37,41,22,69.7
37,41,23,63.900000000000006
37,41,24,61.7
37,41,25,46.6
37,41,26,46.1
37,41,27,49.2
37,41,28,42.2
37,41,29,36.6
37,41,30,27.1
37,41,31,33.7
37,41,32,38.1
37,41,33,48.
37,41,34,55.400000000000006
37,41,35,58.2
37,41,36,68.60000000000001
37,41,37,76.60000000000001
37,41,38,66.9
37,41,39,67.4
37,41,40,58.900000000000006
37,41,41,65.60000000000001
37,41,42,53.
37,41,43,41.6
37,41,44,37.1
37,41,45,34.6
37,41,46,27.6
37,41,47,23.
37,41,48,19.
37,41,49,17.2
37,41,50,14.
37,41,51,11.4
37,41,52,8.
37,42,1,10.600000000000001
37,42,2,15.200000000000001
37,42,3,19.6
37,42,4,16.
37,42,5,19.900000000000002
37,42,6,22.400000000000002
37,42,7,28.1
37,42,8,31.700000000000003
37,42,9,37.300000000000004
37,42,10,37.5
37,42,11,42.400000000000006
37,42,12,48.1
37,42,13,44.900000000000006
37,42,14,44.5
37,42,15,46.7
37,42,16,49.900000000000006
37,42,17,48.900000000000006
37,42,18,52.300000000000004
37,42,19,48.5
37,42,20,49.
37,42,21,57.2
37,42,22,62.900000000000006
37,42,23,64.9
37,42,24,62.5
37,42,25,44.1
37,42,26,47.5
37,42,27,49.
37,42,28,37.7
37,42,29,32.800000000000004
37,42,30,26.3
37,42,31,31.5
37,42,32,34.9
37,42,33,45.900000000000006
37,42,34,51.1
37,42,35,57.300000000000004
37,42,36,68.2
37,42,37,73.
37,42,38,63.
37,42,39,62.300000000000004
37,42,40,58.900000000000006
37,42,41,61.
37,42,42,50.6
37,42,43,42.2
37,42,44,38.7
37,42,45,33.800000000000004
37,42,46,29.900000000000002
37,42,47,26.6
37,42,48,23.
37,42,49,20.1
37,42,50,17.3
37,42,51,13.4
37,42,52,9.8
37,43,1,15.200000000000001
37,43,2,19.900000000000002
37,43,3,24.400000000000002
37,43,4,20.5
37,43,5,26.700000000000003
37,43,6,27.200000000000003
37,43,7,33.2
37,43,8,38.1
37,43,9,44.5
37,43,10,42.900000000000006
37,43,11,48.
37,43,12,53.7
37,43,13,46.7
37,43,14,47.400000000000006
37,43,15,47.800000000000004
37,43,16,52.2
37,43,17,49.6
37,43,18,51.400000000000006
37,43,19,49.7
37,43,20,48.2
37,43,21,64.3
37,43,22,63.900000000000006
37,43,23,72.3
37,43,24,60.400000000000006
37,43,25,42.7
37,43,26,47.300000000000004
37,43,27,46.300000000000004
37,43,28,34.5
37,43,29,29.8
37,43,30,26.8
37,43,31,30.200000000000003
37,43,32,33.5
37,43,33,46.2
37,43,34,50.900000000000006
37,43,35,57.900000000000006
37,43,36,73.3
37,43,37,78.2
37,43,38,62.7
37,43,39,60.1
37,43,40,55.400000000000006
37,43,41,56.7
37,43,42,49.6
37,43,43,43.6
37,43,44,41.900000000000006
37,43,45,36.9
37,43,46,34.2
37,43,47,31.700000000000003
37,43,48,31.700000000000003
37,43,49,25.700000000000003
37,43,50,23.1
37,43,51,17.900000000000002
37,43,52,13.600000000000001
37,44,1,23.3
37,44,2,29.
37,44,3,30.8
37,44,4,29.900000000000002
37,44,5,36.800000000000004
37,44,6,34.2
37,44,7,42.300000000000004
37,44,8,47.300000000000004
37,44,9,51.1
37,44,10,51.900000000000006
37,44,11,55.300000000000004
37,44,12,62.
37,44,13,53.300000000000004
37,44,14,54.800000000000004
37,44,15,54.900000000000006
37,44,16,61.7
37,44,17,58.400000000000006
37,44,18,63.800000000000004
37,44,19,61.300000000000004
37,44,20,62.6
37,44,21,75.60000000000001
37,44,22,90.10000000000001
37,44,23,86.7
37,44,24,75.4
37,44,25,58.900000000000006
37,44,26,58.
37,44,27,54.300000000000004
37,44,28,44.6
37,44,29,34.6
37,44,30,33.
37,44,31,35.5
37,44,32,38.7
37,44,33,57.7
37,44,34,55.7
37,44,35,64.7
37,44,36,89.60000000000001
37,44,37,88.80000000000001
37,44,38,73.7
37,44,39,73.10000000000001
37,44,40,59.5
37,44,41,61.900000000000006
37,44,42,57.800000000000004
37,44,43,53.
37,44,44,52.
37,44,45,50.5
37,44,46,43.900000000000006
37,44,47,44.1
37,44,48,43.5
37,44,49,39.
37,44,50,35.800000000000004
37,44,51,28.8
37,44,52,24.1
37,45,1,20.400000000000002
37,45,2,24.200000000000003
37,45,3,26.6
37,45,4,22.6
37,45,5,27.700000000000003
37,45,6,26.3
37,45,7,27.700000000000003
37,45,8,32.5
37,45,9,31.1
37,45,10,33.4
37,45,11,34.800000000000004
37,45,12,38.
37,45,13,32.800000000000004
37,45,14,34.7
37,45,15,37.9
37,45,16,46.6
37,45,17,44.400000000000006
37,45,18,51.2
37,45,19,59.1
37,45,20,64.3
37,45,21,79.4
37,45,22,100.9
37,45,23,90.5
37,45,24,86.9
37,45,25,75.
37,45,26,67.3
37,45,27,66.9
37,45,28,58.2
37,45,29,40.6
37,45,30,42.300000000000004
37,45,31,46.400000000000006
37,45,32,46.1
37,45,33,64.5
37,45,34,62.
37,45,35,74.8
37,45,36,92.4
37,45,37,92.5
37,45,38,75.8
37,45,39,81.5
37,45,40,58.300000000000004
37,45,41,56.300000000000004
37,45,42,52.900000000000006
37,45,43,45.2
37,45,44,44.400000000000006
37,45,45,40.800000000000004
37,45,46,36.800000000000004
37,45,47,36.5
37,45,48,37.2
37,45,49,34.800000000000004
37,45,50,32.5
37,45,51,26.400000000000002
37,45,52,23.6
37,46,1,17.8
37,46,2,21.400000000000002
37,46,3,24.200000000000003
37,46,4,18.3
37,46,5,21.6
37,46,6,21.700000000000003
37,46,7,21.700000000000003
37,46,8,25.900000000000002
37,46,9,22.400000000000002
37,46,10,24.700000000000003
37,46,11,26.400000000000002
37,46,12,29.
37,46,13,24.700000000000003
37,46,14,27.1
37,46,15,30.5
37,46,16,40.800000000000004
37,46,17,39.5
37,46,18,45.7
37,46,19,59.2
37,46,20,67.2
37,46,21,82.4
37,46,22,109.5
37,46,23,89.2
37,46,24,81.9
37,46,25,70.
37,46,26,65.8
37,46,27,58.2
37,46,28,54.900000000000006
37,46,29,32.4
37,46,30,34.9
37,46,31,37.800000000000004
37,46,32,37.2
37,46,33,53.300000000000004
37,46,34,50.7
37,46,35,71.
37,46,36,75.4
37,46,37,81.30000000000001
37,46,38,71.60000000000001
37,46,39,82.30000000000001
37,46,40,54.300000000000004
37,46,41,50.800000000000004
37,46,42,46.6
37,46,43,37.5
37,46,44,38.
37,46,45,33.6
37,46,46,31.700000000000003
37,46,47,31.3
37,46,48,32.2
37,46,49,31.1
37,46,50,29.6
37,46,51,23.3
37,46,52,21.3
37,47,1,16.900000000000002
37,47,2,21.1
37,47,3,23.400000000000002
37,47,4,18.3
37,47,5,20.700000000000003
37,47,6,21.3
37,47,7,22.400000000000002
37,47,8,26.8
37,47,9,23.6
37,47,10,25.5
37,47,11,28.5
37,47,12,31.900000000000002
37,47,13,26.5
37,47,14,29.
37,47,15,31.400000000000002
37,47,16,41.900000000000006
37,47,17,40.800000000000004
37,47,18,46.5
37,47,19,59.7
37,47,20,73.
37,47,21,84.5
37,47,22,108.
37,47,23,85.5
37,47,24,74.8
37,47,25,54.5
37,47,26,58.
37,47,27,41.7
37,47,28,40.2
37,47,29,20.6
37,47,30,22.1
37,47,31,22.400000000000002
37,47,32,23.900000000000002
37,47,33,36.300000000000004
37,47,34,35.7
37,47,35,57.2
37,47,36,55.900000000000006
37,47,37,66.5
37,47,38,67.7
37,47,39,74.9
37,47,40,50.
37,47,41,48.1
37,47,42,44.900000000000006
37,47,43,34.1
37,47,44,37.5
37,47,45,31.8
37,47,46,30.700000000000003
37,47,47,30.1
37,47,48,30.3
37,47,49,31.3
37,47,50,28.900000000000002
37,47,51,22.200000000000003
37,47,52,21.8
38,37,1,3.9000000000000004
38,37,2,7.300000000000001
38,37,3,7.4
38,37,4,6.5
38,37,5,8.700000000000001
38,37,6,8.8
38,37,7,14.
38,37,8,15.100000000000001
38,37,9,21.8
38,37,10,18.2
38,37,11,25.400000000000002
38,37,12,31.6
38,37,13,29.3
38,37,14,30.1
38,37,15,30.400000000000002
38,37,16,33.800000000000004
38,37,17,40.2
38,37,18,39.800000000000004
38,37,19,45.900000000000006
38,37,20,40.800000000000004
38,37,21,48.6
38,37,22,55.800000000000004
38,37,23,51.300000000000004
38,37,24,53.400000000000006
38,37,25,49.
38,37,26,53.800000000000004
38,37,27,48.300000000000004
38,37,28,40.400000000000006
38,37,29,41.5
38,37,30,38.900000000000006
38,37,31,42.5
38,37,32,45.1
38,37,33,56.400000000000006
38,37,34,57.900000000000006
38,37,35,72.9
38,37,36,64.7
38,37,37,71.60000000000001
38,37,38,65.5
38,37,39,62.7
38,37,40,53.5
38,37,41,49.800000000000004
38,37,42,37.7
38,37,43,31.3
38,37,44,30.400000000000002
38,37,45,23.400000000000002
38,37,46,20.8
38,37,47,15.700000000000001
38,37,48,14.9
38,37,49,11.
38,37,50,8.
38,37,51,6.
38,37,52,4.5
38,38,1,4.
38,38,2,7.300000000000001
38,38,3,7.4
38,38,4,6.2
38,38,5,9.
38,38,6,9.4
38,38,7,14.700000000000001
38,38,8,14.8
38,38,9,21.6
38,38,10,18.400000000000002
38,38,11,25.3
38,38,12,30.1
38,38,13,29.6
38,38,14,31.3
38,38,15,30.200000000000003
38,38,16,34.5
38,38,17,38.1
38,38,18,41.5
38,38,19,44.5
38,38,20,41.300000000000004
38,38,21,47.800000000000004
38,38,22,56.6
38,38,23,51.900000000000006
38,38,24,49.6
38,38,25,48.2
38,38,26,49.900000000000006
38,38,27,45.2
38,38,28,36.9
38,38,29,38.800000000000004
38,38,30,32.800000000000004
38,38,31,38.300000000000004
38,38,32,41.900000000000006
38,38,33,52.400000000000006
38,38,34,52.2
38,38,35,64.8
38,38,36,63.1
38,38,37,70.8
38,38,38,62.7
38,38,39,61.6
38,38,40,54.
38,38,41,50.2
38,38,42,40.800000000000004
38,38,43,32.1
38,38,44,29.900000000000002
38,38,45,23.900000000000002
38,38,46,20.1
38,38,47,15.200000000000001
38,38,48,14.200000000000001
38,38,49,11.200000000000001
38,38,50,8.9
38,38,51,6.2
38,38,52,4.7
38,39,1,4.9
38,39,2,8.9
38,39,3,9.3
38,39,4,7.5
38,39,5,10.9
38,39,6,11.3
38,39,7,17.2
38,39,8,17.400000000000002
38,39,9,24.6
38,39,10,22.400000000000002
38,39,11,28.
38,39,12,31.700000000000003
38,39,13,33.1
38,39,14,35.6
38,39,15,34.800000000000004
38,39,16,38.800000000000004
38,39,17,40.800000000000004
38,39,18,47.2
38,39,19,47.2
38,39,20,46.1
38,39,21,50.7
38,39,22,62.900000000000006
38,39,23,58.300000000000004
38,39,24,51.1
38,39,25,48.6
38,39,26,49.6
38,39,27,47.2
38,39,28,37.300000000000004
38,39,29,39.7
38,39,30,30.3
38,39,31,36.9
38,39,32,40.2
38,39,33,50.6
38,39,34,52.2
38,39,35,59.5
38,39,36,65.2
38,39,37,75.60000000000001
38,39,38,67.60000000000001
38,39,39,64.3
38,39,40,59.2
38,39,41,57.7
38,39,42,48.300000000000004
38,39,43,38.400000000000006
38,39,44,34.7
38,39,45,29.
38,39,46,23.900000000000002
38,39,47,18.6
38,39,48,16.7
38,39,49,12.700000000000001
38,39,50,10.9
38,39,51,7.7
38,39,52,5.7
38,40,1,6.800000000000001
38,40,2,11.9
38,40,3,12.700000000000001
38,40,4,10.3
38,40,5,14.700000000000001
38,40,6,14.
38,40,7,20.900000000000002
38,40,8,22.
38,40,9,30.5
38,40,10,28.900000000000002
38,40,11,32.6
38,40,12,38.
38,40,13,37.9
38,40,14,41.800000000000004
38,40,15,41.5
38,40,16,45.400000000000006
38,40,17,46.400000000000006
38,40,18,51.900000000000006
38,40,19,51.900000000000006
38,40,20,51.6
38,40,21,55.900000000000006
38,40,22,71.9
38,40,23,66.
38,40,24,58.
38,40,25,49.300000000000004
38,40,26,50.900000000000006
38,40,27,50.1
38,40,28,40.800000000000004
38,40,29,39.2
38,40,30,30.3
38,40,31,36.300000000000004
38,40,32,37.9
38,40,33,48.7
38,40,34,54.300000000000004
38,40,35,58.1
38,40,36,68.4
38,40,37,82.2
38,40,38,74.3
38,40,39,69.5
38,40,40,63.900000000000006
38,40,41,68.7
38,40,42,55.900000000000006
38,40,43,46.300000000000004
38,40,44,41.800000000000004
38,40,45,35.4
38,40,46,29.6
38,40,47,24.200000000000003
38,40,48,20.6
38,40,49,15.9
38,40,50,13.3
38,40,51,9.9
38,40,52,7.5
38,41,1,9.
38,41,2,12.700000000000001
38,41,3,14.600000000000001
38,41,4,12.4
38,41,5,16.1
38,41,6,16.7
38,41,7,22.1
38,41,8,24.
38,41,9,33.300000000000004
38,41,10,32.7
38,41,11,34.9
38,41,12,41.800000000000004
38,41,13,40.900000000000006
38,41,14,44.6
38,41,15,42.900000000000006
38,41,16,47.
38,41,17,46.2
38,41,18,49.6
38,41,19,50.6
38,41,20,48.400000000000006
38,41,21,56.1
38,41,22,69.5
38,41,23,61.5
38,41,24,56.300000000000004
38,41,25,45.1
38,41,26,47.300000000000004
38,41,27,46.
38,41,28,39.
38,41,29,34.2
38,41,30,26.400000000000002
38,41,31,32.1
38,41,32,34.5
38,41,33,45.
38,41,34,48.1
38,41,35,53.5
38,41,36,67.7
38,41,37,74.2
38,41,38,65.9
38,41,39,62.800000000000004
38,41,40,58.7
38,41,41,65.4
38,41,42,53.
38,41,43,45.
38,41,44,41.6
38,41,45,35.2
38,41,46,29.
38,41,47,26.
38,41,48,21.400000000000002
38,41,49,18.5
38,41,50,14.3
38,41,51,11.200000000000001
38,41,52,8.6
38,42,1,10.5
38,42,2,14.700000000000001
38,42,3,18.400000000000002
38,42,4,15.3
38,42,5,18.900000000000002
38,42,6,19.900000000000002
38,42,7,27.3
38,42,8,31.1
38,42,9,36.5
38,42,10,38.800000000000004
38,42,11,42.300000000000004
38,42,12,46.7
38,42,13,44.
38,42,14,45.1
38,42,15,43.6
38,42,16,49.1
38,42,17,46.900000000000006
38,42,18,51.300000000000004
38,42,19,48.900000000000006
38,42,20,48.300000000000004
38,42,21,55.400000000000006
38,42,22,62.400000000000006
38,42,23,63.300000000000004
38,42,24,53.5
38,42,25,41.300000000000004
38,42,26,46.5
38,42,27,45.
38,42,28,35.5
38,42,29,31.3
38,42,30,25.700000000000003
38,42,31,30.
38,42,32,31.3
38,42,33,46.
38,42,34,46.900000000000006
38,42,35,54.1
38,42,36,67.4
38,42,37,69.7
38,42,38,63.300000000000004
38,42,39,58.6
38,42,40,56.800000000000004
38,42,41,60.400000000000006
38,42,42,51.6
38,42,43,45.400000000000006
38,42,44,42.300000000000004
38,42,45,35.1
38,42,46,31.1
38,42,47,28.
38,42,48,25.5
38,42,49,20.8
38,42,50,17.7
38,42,51,12.700000000000001
38,42,52,9.600000000000001
38,43,1,14.5
38,43,2,17.8
38,43,3,23.
38,43,4,19.6
38,43,5,25.200000000000003
38,43,6,24.700000000000003
38,43,7,32.1
38,43,8,37.9
38,43,9,41.300000000000004
38,43,10,41.800000000000004
38,43,11,47.400000000000006
38,43,12,53.6
38,43,13,47.6
38,43,14,46.2
38,43,15,44.400000000000006
38,43,16,50.7
38,43,17,47.5
38,43,18,50.7
38,43,19,47.5
38,43,20,49.1
38,43,21,60.1
38,43,22,63.1
38,43,23,72.10000000000001
38,43,24,51.2
38,43,25,39.900000000000006
38,43,26,46.5
38,43,27,43.2
38,43,28,33.5
38,43,29,28.5
38,43,30,24.900000000000002
38,43,31,27.
38,43,32,27.900000000000002
38,43,33,44.300000000000004
38,43,34,44.1
38,43,35,51.800000000000004
38,43,36,66.10000000000001
38,43,37,65.8
38,43,38,62.400000000000006
38,43,39,55.800000000000004
38,43,40,52.300000000000004
38,43,41,51.300000000000004
38,43,42,47.900000000000006
38,43,43,44.
38,43,44,39.7
38,43,45,38.400000000000006
38,43,46,35.7
38,43,47,33.2
38,43,48,30.6
38,43,49,25.200000000000003
38,43,50,21.400000000000002
38,43,51,16.5
38,43,52,13.700000000000001
38,44,1,24.
38,44,2,28.6
38,44,3,33.1
38,44,4,31.200000000000003
38,44,5,39.400000000000006
38,44,6,38.1
38,44,7,49.
38,44,8,54.800000000000004
38,44,9,60.5
38,44,10,60.6
38,44,11,65.4
38,44,12,71.
38,44,13,61.6
38,44,14,60.6
38,44,15,58.5
38,44,16,69.7
38,44,17,64.60000000000001
38,44,18,68.2
38,44,19,67.10000000000001
38,44,20,68.60000000000001
38,44,21,77.9
38,44,22,91.2
38,44,23,89.4
38,44,24,72.
38,44,25,59.2
38,44,26,59.800000000000004
38,44,27,53.900000000000006
38,44,28,42.800000000000004
38,44,29,34.4
38,44,30,31.400000000000002
38,44,31,34.4
38,44,32,34.800000000000004
38,44,33,54.300000000000004
38,44,34,50.400000000000006
38,44,35,64.
38,44,36,86.10000000000001
38,44,37,80.80000000000001
38,44,38,80.60000000000001
38,44,39,78.5
38,44,40,67.7
38,44,41,69.9
38,44,42,65.8
38,44,43,60.5
38,44,44,58.300000000000004
38,44,45,53.300000000000004
38,44,46,50.900000000000006
38,44,47,48.6
38,44,48,47.5
38,44,49,38.300000000000004
38,44,50,36.1
38,44,51,28.900000000000002
38,44,52,23.400000000000002
38,45,1,26.400000000000002
38,45,2,30.400000000000002
38,45,3,33.
38,45,4,30.3
38,45,5,36.7
38,45,6,33.2
38,45,7,40.5
38,45,8,46.2
38,45,9,48.900000000000006
38,45,10,51.
38,45,11,52.900000000000006
38,45,12,58.800000000000004
38,45,13,52.1
38,45,14,51.900000000000006
38,45,15,52.1
38,45,16,63.400000000000006
38,45,17,58.7
38,45,18,65.2
38,45,19,67.2
38,45,20,71.2
38,45,21,82.4
38,45,22,99.
38,45,23,88.7
38,45,24,77.80000000000001
38,45,25,68.60000000000001
38,45,26,60.6
38,45,27,59.900000000000006
38,45,28,46.5
38,45,29,35.
38,45,30,34.2
38,45,31,38.800000000000004
38,45,32,34.9
38,45,33,57.5
38,45,34,52.800000000000004
38,45,35,65.3
38,45,36,81.30000000000001
38,45,37,82.60000000000001
38,45,38,77.80000000000001
38,45,39,84.80000000000001
38,45,40,62.6
38,45,41,65.5
38,45,42,59.800000000000004
38,45,43,54.5
38,45,44,55.
38,45,45,49.7
38,45,46,45.1
38,45,47,45.800000000000004
38,45,48,46.2
38,45,49,40.300000000000004
38,45,50,40.6
38,45,51,32.5
38,45,52,27.400000000000002
38,46,1,21.400000000000002
38,46,2,24.900000000000002
38,46,3,27.5
38,46,4,22.700000000000003
38,46,5,26.3
38,46,6,25.1
38,46,7,27.5
38,46,8,31.900000000000002
38,46,9,30.900000000000002
38,46,10,32.7
38,46,11,35.
38,46,12,38.800000000000004
38,46,13,34.2
38,46,14,35.7
38,46,15,38.
38,46,16,47.900000000000006
38,46,17,46.300000000000004
38,46,18,52.300000000000004
38,46,19,62.
38,46,20,70.3
38,46,21,81.5
38,46,22,108.
38,46,23,89.9
38,46,24,77.
38,46,25,67.2
38,46,26,63.1
38,46,27,56.800000000000004
38,46,28,47.7
38,46,29,32.800000000000004
38,46,30,31.8
38,46,31,36.6
38,46,32,33.
38,46,33,54.5
38,46,34,49.400000000000006
38,46,35,65.9
38,46,36,69.5
38,46,37,77.2
38,46,38,73.5
38,46,39,83.80000000000001
38,46,40,54.
38,46,41,54.800000000000004
38,46,42,48.
38,46,43,42.
38,46,44,42.6
38,46,45,37.9
38,46,46,34.9
38,46,47,35.4
38,46,48,36.1
38,46,49,34.2
38,46,50,33.5
38,46,51,27.5
38,46,52,23.700000000000003
38,47,1,17.2
38,47,2,21.1
38,47,3,23.200000000000003
38,47,4,18.1
38,47,5,20.200000000000003
38,47,6,20.700000000000003
38,47,7,21.200000000000003
38,47,8,25.5
38,47,9,22.700000000000003
38,47,10,23.700000000000003
38,47,11,27.700000000000003
38,47,12,29.3
38,47,13,25.5
38,47,14,29.200000000000003
38,47,15,31.200000000000003
38,47,16,40.7
38,47,17,39.800000000000004
38,47,18,45.900000000000006
38,47,19,58.5
38,47,20,73.8
38,47,21,82.10000000000001
38,47,22,110.80000000000001
38,47,23,89.7
38,47,24,74.4
38,47,25,54.7
38,47,26,58.300000000000004
38,47,27,43.6
38,47,28,38.900000000000006
38,47,29,24.6
38,47,30,23.1
38,47,31,25.200000000000003
38,47,32,26.200000000000003
38,47,33,41.400000000000006
38,47,34,38.5
38,47,35,57.7
38,47,36,56.300000000000004
38,47,37,65.8
38,47,38,67.7
38,47,39,75.9
38,47,40,47.
38,47,41,46.400000000000006
38,47,42,40.2
38,47,43,34.4
38,47,44,36.6
38,47,45,31.
38,47,46,29.5
38,47,47,28.900000000000002
38,47,48,29.
38,47,49,30.6
38,47,50,28.3
38,47,51,23.400000000000002
38,47,52,22.200000000000003
39,37,1,3.1
39,37,2,6.
39,37,3,6.5
39,37,4,5.300000000000001
39,37,5,7.4
39,37,6,9.1
39,37,7,12.9
39,37,8,12.4
39,37,9,18.5
39,37,10,16.3
39,37,11,23.200000000000003
39,37,12,27.1
39,37,13,26.400000000000002
39,37,14,27.400000000000002
39,37,15,26.900000000000002
39,37,16,31.1
39,37,17,36.2
39,37,18,35.4
39,37,19,40.800000000000004
39,37,20,36.1
39,37,21,42.5
39,37,22,48.2
39,37,23,44.7
39,37,24,44.800000000000004
39,37,25,42.6
39,37,26,47.1
39,37,27,42.900000000000006
39,37,28,36.4
39,37,29,38.6
39,37,30,34.800000000000004
39,37,31,38.1
39,37,32,42.1
39,37,33,51.7
39,37,34,55.2
39,37,35,64.8
39,37,36,59.300000000000004
39,37,37,68.3
39,37,38,56.400000000000006
39,37,39,55.2
39,37,40,46.1
39,37,41,45.6
39,37,42,32.4
39,37,43,26.6
39,37,44,26.400000000000002
39,37,45,19.700000000000003
39,37,46,18.
39,37,47,12.600000000000001
39,37,48,12.5
39,37,49,8.9
39,37,50,6.800000000000001
39,37,51,4.9
39,37,52,4.
39,38,1,3.3000000000000003
39,38,2,6.300000000000001
39,38,3,6.800000000000001
39,38,4,5.4
39,38,5,8.1
39,38,6,9.8
39,38,7,14.
39,38,8,12.8
39,38,9,19.3
39,38,10,17.2
39,38,11,23.700000000000003
39,38,12,27.400000000000002
39,38,13,27.700000000000003
39,38,14,29.3
39,38,15,28.200000000000003
39,38,16,33.300000000000004
39,38,17,36.2
39,38,18,37.7
39,38,19,41.2
39,38,20,37.9
39,38,21,43.5
39,38,22,50.7
39,38,23,47.300000000000004
39,38,24,44.1
39,38,25,43.7
39,38,26,43.800000000000004
39,38,27,41.5
39,38,28,33.800000000000004
39,38,29,35.800000000000004
39,38,30,29.900000000000002
39,38,31,34.1
39,38,32,40.400000000000006
39,38,33,48.
39,38,34,50.7
39,38,35,57.300000000000004
39,38,36,58.
39,38,37,68.60000000000001
39,38,38,55.
39,38,39,56.5
39,38,40,48.900000000000006
39,38,41,47.6
39,38,42,36.800000000000004
39,38,43,28.8
39,38,44,27.3
39,38,45,21.1
39,38,46,18.400000000000002
39,38,47,13.3
39,38,48,12.700000000000001
39,38,49,9.700000000000001
39,38,50,7.9
39,38,51,5.300000000000001
39,38,52,4.4
39,39,1,4.2
39,39,2,7.4
39,39,3,8.1
39,39,4,6.5
39,39,5,9.9
39,39,6,10.8
39,39,7,15.8
39,39,8,15.200000000000001
39,39,9,22.900000000000002
39,39,10,19.700000000000003
39,39,11,25.200000000000003
39,39,12,30.700000000000003
39,39,13,30.5
39,39,14,33.9
39,39,15,32.800000000000004
39,39,16,37.
39,39,17,38.300000000000004
39,39,18,41.5
39,39,19,44.1
39,39,20,41.400000000000006
39,39,21,46.1
39,39,22,56.800000000000004
39,39,23,51.300000000000004
39,39,24,46.300000000000004
39,39,25,45.
39,39,26,43.900000000000006
39,39,27,42.900000000000006
39,39,28,33.4
39,39,29,35.4
39,39,30,27.6
39,39,31,33.7
39,39,32,39.
39,39,33,46.900000000000006
39,39,34,48.
39,39,35,52.2
39,39,36,59.6
39,39,37,70.7
39,39,38,59.900000000000006
39,39,39,58.400000000000006
39,39,40,53.400000000000006
39,39,41,51.2
39,39,42,41.5
39,39,43,32.7
39,39,44,30.700000000000003
39,39,45,24.3
39,39,46,20.6
39,39,47,15.9
39,39,48,14.200000000000001
39,39,49,11.4
39,39,50,9.600000000000001
39,39,51,6.7
39,39,52,5.2
39,40,1,6.1000000000000005
39,40,2,9.200000000000001
39,40,3,10.700000000000001
39,40,4,8.9
39,40,5,12.5
39,40,6,12.8
39,40,7,18.3
39,40,8,18.2
39,40,9,27.5
39,40,10,24.3
39,40,11,28.5
39,40,12,35.4
39,40,13,33.800000000000004
39,40,14,39.300000000000004
39,40,15,37.800000000000004
39,40,16,41.
39,40,17,41.300000000000004
39,40,18,45.1
39,40,19,47.
39,40,20,43.6
39,40,21,48.5
39,40,22,62.900000000000006
39,40,23,53.6
39,40,24,49.6
39,40,25,43.2
39,40,26,44.7
39,40,27,43.300000000000004
39,40,28,34.9
39,40,29,34.1
39,40,30,26.5
39,40,31,33.300000000000004
39,40,32,35.1
39,40,33,45.400000000000006
39,40,34,47.300000000000004
39,40,35,49.900000000000006
39,40,36,61.400000000000006
39,40,37,73.2
39,40,38,63.800000000000004
39,40,39,59.7
39,40,40,54.900000000000006
39,40,41,55.800000000000004
39,40,42,44.400000000000006
39,40,43,36.7
39,40,44,34.5
39,40,45,27.8
39,40,46,23.3
39,40,47,19.
39,40,48,16.5
39,40,49,13.5
39,40,50,11.3
39,40,51,8.5
39,40,52,6.5
39,41,1,7.9
39,41,2,11.200000000000001
39,41,3,13.700000000000001
39,41,4,11.5
39,41,5,15.4
39,41,6,15.8
39,41,7,21.700000000000003
39,41,8,21.900000000000002
39,41,9,31.900000000000002
39,41,10,30.700000000000003
39,41,11,33.800000000000004
39,41,12,40.400000000000006
39,41,13,38.6
39,41,14,44.2
39,41,15,41.300000000000004
39,41,16,45.7
39,41,17,45.300000000000004
39,41,18,47.900000000000006
39,41,19,49.2
39,41,20,46.5
39,41,21,53.800000000000004
39,41,22,67.9
39,41,23,59.2
39,41,24,53.300000000000004
39,41,25,42.900000000000006
39,41,26,47.2
39,41,27,41.5
39,41,28,36.
39,41,29,32.4
39,41,30,26.
39,41,31,32.1
39,41,32,30.400000000000002
39,41,33,44.7
39,41,34,44.900000000000006
39,41,35,51.300000000000004
39,41,36,65.8
39,41,37,71.9
39,41,38,62.
39,41,39,59.800000000000004
39,41,40,56.6
39,41,41,60.6
39,41,42,49.2
39,41,43,42.2
39,41,44,38.6
39,41,45,32.4
39,41,46,27.8
39,41,47,23.6
39,41,48,20.400000000000002
39,41,49,17.400000000000002
39,41,50,13.4
39,41,51,9.9
39,41,52,7.7
39,42,1,9.3
39,42,2,13.100000000000001
39,42,3,16.1
39,42,4,14.200000000000001
39,42,5,17.1
39,42,6,18.5
39,42,7,25.5
39,42,8,26.3
39,42,9,34.4
39,42,10,36.4
39,42,11,40.
39,42,12,44.5
39,42,13,42.
39,42,14,45.900000000000006
39,42,15,43.300000000000004
39,42,16,48.2
39,42,17,47.900000000000006
39,42,18,51.800000000000004
39,42,19,47.6
39,42,20,49.6
39,42,21,54.400000000000006
39,42,22,63.900000000000006
39,42,23,62.2
39,42,24,51.7
39,42,25,40.5
39,42,26,45.6
39,42,27,40.800000000000004
39,42,28,33.
39,42,29,30.8
39,42,30,24.5
39,42,31,29.200000000000003
39,42,32,26.400000000000002
39,42,33,45.
39,42,34,41.400000000000006
39,42,35,48.6
39,42,36,64.9
39,42,37,65.10000000000001
39,42,38,59.400000000000006
39,42,39,57.300000000000004
39,42,40,56.1
39,42,41,57.7
39,42,42,51.300000000000004
39,42,43,44.6
39,42,44,41.
39,42,45,36.1
39,42,46,30.8
39,42,47,27.8
39,42,48,24.900000000000002
39,42,49,20.700000000000003
39,42,50,16.8
39,42,51,11.9
39,42,52,9.8
39,43,1,14.
39,43,2,17.3
39,43,3,20.1
39,43,4,19.900000000000002
39,43,5,24.6
39,43,6,24.1
39,43,7,31.400000000000002
39,43,8,36.6
39,43,9,42.6
39,43,10,43.800000000000004
39,43,11,47.6
39,43,12,53.1
39,43,13,48.300000000000004
39,43,14,49.300000000000004
39,43,15,46.1
39,43,16,52.2
39,43,17,51.300000000000004
39,43,18,55.2
39,43,19,50.2
39,43,20,53.
39,43,21,61.7
39,43,22,69.2
39,43,23,72.4
39,43,24,52.800000000000004
39,43,25,43.5
39,43,26,47.900000000000006
39,43,27,44.1
39,43,28,35.4
39,43,29,30.700000000000003
39,43,30,26.1
39,43,31,30.
39,43,32,26.6
39,43,33,44.800000000000004
39,43,34,42.7
39,43,35,51.5
39,43,36,64.60000000000001
39,43,37,63.900000000000006
39,43,38,62.1
39,43,39,61.5
39,43,40,57.7
39,43,41,55.2
39,43,42,55.300000000000004
39,43,43,49.2
39,43,44,45.1
39,43,45,42.800000000000004
39,43,46,39.1
39,43,47,35.5
39,43,48,33.300000000000004
39,43,49,26.400000000000002
39,43,50,22.1
39,43,51,15.9
39,43,52,14.100000000000001
39,44,1,19.200000000000003
39,44,2,21.400000000000002
39,44,3,24.3
39,44,4,23.400000000000002
39,44,5,29.5
39,44,6,28.200000000000003
39,44,7,35.800000000000004
39,44,8,41.1
39,44,9,44.2
39,44,10,46.400000000000006
39,44,11,49.900000000000006
39,44,12,54.400000000000006
39,44,13,48.400000000000006
39,44,14,45.400000000000006
39,44,15,42.800000000000004
39,44,16,50.1
39,44,17,47.300000000000004
39,44,18,50.400000000000006
39,44,19,50.1
39,44,20,54.400000000000006
39,44,21,59.400000000000006
39,44,22,68.60000000000001
39,44,23,68.3
39,44,24,53.6
39,44,25,44.5
39,44,26,44.1
39,44,27,42.6
39,44,28,33.
39,44,29,27.900000000000002
39,44,30,23.6
39,44,31,27.
39,44,32,24.400000000000002
39,44,33,42.7
39,44,34,39.800000000000004
39,44,35,51.
39,44,36,62.900000000000006
39,44,37,62.1
39,44,38,62.1
39,44,39,65.2
39,44,40,56.400000000000006
39,44,41,54.7
39,44,42,53.400000000000006
39,44,43,49.1
39,44,44,46.6
39,44,45,44.400000000000006
39,44,46,41.5
39,44,47,39.5
39,44,48,39.
39,44,49,31.8
39,44,50,28.400000000000002
39,44,51,21.8
39,44,52,18.400000000000002
39,45,1,26.8
39,45,2,29.400000000000002
39,45,3,31.6
39,45,4,30.900000000000002
39,45,5,35.6
39,45,6,34.2
39,45,7,42.400000000000006
39,45,8,48.1
39,45,9,50.7
39,45,10,52.6
39,45,11,54.2
39,45,12,60.2
39,45,13,52.300000000000004
39,45,14,50.800000000000004
39,45,15,49.
39,45,16,59.400000000000006
39,45,17,55.7
39,45,18,60.7
39,45,19,62.
39,45,20,67.2
39,45,21,76.5
39,45,22,91.60000000000001
39,45,23,84.60000000000001
39,45,24,72.10000000000001
39,45,25,62.6
39,45,26,56.1
39,45,27,56.
39,45,28,40.800000000000004
39,45,29,33.7
39,45,30,30.8
39,45,31,34.5
39,45,32,29.8
39,45,33,51.7
39,45,34,47.800000000000004
39,45,35,60.6
39,45,36,70.4
39,45,37,78.10000000000001
39,45,38,75.5
39,45,39,85.2
39,45,40,65.3
39,45,41,66.8
39,45,42,63.
39,45,43,57.
39,45,44,57.900000000000006
39,45,45,52.5
39,45,46,46.900000000000006
39,45,47,45.900000000000006
39,45,48,47.5
39,45,49,40.5
39,45,50,39.6
39,45,51,31.6
39,45,52,27.
39,46,1,23.200000000000003
39,46,2,26.
39,46,3,28.6
39,46,4,24.700000000000003
39,46,5,27.1
39,46,6,26.6
39,46,7,29.700000000000003
39,46,8,33.6
39,46,9,33.2
39,46,10,35.2
39,46,11,36.7
39,46,12,40.
39,46,13,35.5
39,46,14,37.4
39,46,15,37.9
39,46,16,47.2
39,46,17,46.2
39,46,18,52.400000000000006
39,46,19,58.900000000000006
39,46,20,68.3
39,46,21,80.7
39,46,22,109.7
39,46,23,92.7
39,46,24,81.5
39,46,25,70.
39,46,26,66.8
39,46,27,62.900000000000006
39,46,28,47.6
39,46,29,38.900000000000006
39,46,30,37.1
39,46,31,40.5
39,46,32,38.300000000000004
39,46,33,58.7
39,46,34,54.5
39,46,35,69.3
39,46,36,71.60000000000001
39,46,37,81.2
39,46,38,76.5
39,46,39,85.80000000000001
39,46,40,58.2
39,46,41,58.2
39,46,42,51.6
39,46,43,46.300000000000004
39,46,44,45.
39,46,45,41.
39,46,46,37.5
39,46,47,37.300000000000004
39,46,48,37.800000000000004
39,46,49,35.4
39,46,50,34.300000000000004
39,46,51,29.200000000000003
39,46,52,25.200000000000003
39,47,1,18.1
39,47,2,21.3
39,47,3,23.700000000000003
39,47,4,18.6
39,47,5,19.900000000000002
39,47,6,20.5
39,47,7,21.200000000000003
39,47,8,24.900000000000002
39,47,9,22.3
39,47,10,24.
39,47,11,27.3
39,47,12,28.1
39,47,13,25.200000000000003
39,47,14,30.
39,47,15,30.3
39,47,16,39.6
39,47,17,39.
39,47,18,45.5
39,47,19,55.
39,47,20,71.7
39,47,21,81.30000000000001
39,47,22,112.60000000000001
39,47,23,91.7
39,47,24,79.10000000000001
39,47,25,58.300000000000004
39,47,26,61.5
39,47,27,49.800000000000004
39,47,28,39.800000000000004
39,47,29,30.8
39,47,30,29.1
39,47,31,30.5
39,47,32,33.1
39,47,33,46.2
39,47,34,44.400000000000006
39,47,35,61.1
39,47,36,60.400000000000006
39,47,37,69.2
39,47,38,67.9
39,47,39,76.3
39,47,40,48.6
39,47,41,47.6
39,47,42,40.2
39,47,43,36.800000000000004
39,47,44,35.6
39,47,45,31.5
39,47,46,30.1
39,47,47,29.3
39,47,48,28.900000000000002
39,47,49,30.400000000000002
39,47,50,28.1
39,47,51,23.900000000000002
39,47,52,22.200000000000003
40,37,1,2.7
40,37,2,5.800000000000001
40,37,3,6.2
40,37,4,5.2
40,37,5,7.4
40,37,6,8.6
40,37,7,12.3
40,37,8,12.9
40,37,9,17.6
40,37,10,15.3
40,37,11,21.700000000000003
40,37,12,25.900000000000002
40,37,13,25.6
40,37,14,26.5
40,37,15,26.400000000000002
40,37,16,30.3
40,37,17,34.4
40,37,18,34.
40,37,19,39.800000000000004
40,37,20,34.800000000000004
40,37,21,41.1
40,37,22,46.400000000000006
40,37,23,43.300000000000004
40,37,24,41.1
40,37,25,41.800000000000004
40,37,26,44.5
40,37,27,40.800000000000004
40,37,28,34.
40,37,29,38.300000000000004
40,37,30,33.1
40,37,31,36.1
40,37,32,41.7
40,37,33,51.6
40,37,34,52.800000000000004
40,37,35,59.900000000000006
40,37,36,57.800000000000004
40,37,37,70.3
40,37,38,54.1
40,37,39,52.400000000000006
40,37,40,42.
40,37,41,45.
40,37,42,31.
40,37,43,27.
40,37,44,26.900000000000002
40,37,45,19.900000000000002
40,37,46,17.6
40,37,47,11.8
40,37,48,11.700000000000001
40,37,49,8.5
40,37,50,6.800000000000001
40,37,51,4.7
40,37,52,3.6
40,38,1,3.4000000000000004
40,38,2,6.300000000000001
40,38,3,6.9
40,38,4,5.800000000000001
40,38,5,8.8
40,38,6,10.100000000000001
40,38,7,14.8
40,38,8,13.9
40,38,9,20.3
40,38,10,17.900000000000002
40,38,11,24.400000000000002
40,38,12,28.900000000000002
40,38,13,28.6
40,38,14,30.6
40,38,15,28.700000000000003
40,38,16,33.300000000000004
40,38,17,36.800000000000004
40,38,18,36.4
40,38,19,42.2
40,38,20,37.1
40,38,21,43.400000000000006
40,38,22,52.400000000000006
40,38,23,46.5
40,38,24,44.1
40,38,25,43.1
40,38,26,42.7
40,38,27,40.6
40,38,28,33.4
40,38,29,35.5
40,38,30,31.400000000000002
40,38,31,34.7
40,38,32,41.6
40,38,33,49.800000000000004
40,38,34,51.6
40,38,35,55.5
40,38,36,56.6
40,38,37,72.4
40,38,38,55.
40,38,39,55.7
40,38,40,46.5
40,38,41,48.7
40,38,42,35.7
40,38,43,28.900000000000002
40,38,44,27.900000000000002
40,38,45,21.3
40,38,46,18.7
40,38,47,12.9
40,38,48,12.5
40,38,49,9.5
40,38,50,7.5
40,38,51,5.5
40,38,52,4.4
40,39,1,4.2
40,39,2,7.4
40,39,3,8.200000000000001
40,39,4,6.800000000000001
40,39,5,10.5
40,39,6,11.100000000000001
40,39,7,16.7
40,39,8,16.2
40,39,9,23.6
40,39,10,20.400000000000002
40,39,11,25.8
40,39,12,32.1
40,39,13,31.3
40,39,14,35.1
40,39,15,32.6
40,39,16,36.5
40,39,17,38.800000000000004
40,39,18,40.
40,39,19,44.300000000000004
40,39,20,40.1
40,39,21,45.800000000000004
40,39,22,58.300000000000004
40,39,23,49.900000000000006
40,39,24,46.6
40,39,25,43.800000000000004
40,39,26,42.6
40,39,27,41.900000000000006
40,39,28,33.1
40,39,29,35.
40,39,30,29.6
40,39,31,34.2
40,39,32,40.300000000000004
40,39,33,49.400000000000006
40,39,34,49.2
40,39,35,51.5
40,39,36,57.800000000000004
40,39,37,74.4
40,39,38,59.900000000000006
40,39,39,57.400000000000006
40,39,40,50.7
40,39,41,51.7
40,39,42,40.2
40,39,43,32.1
40,39,44,30.400000000000002
40,39,45,23.900000000000002
40,39,46,20.400000000000002
40,39,47,15.100000000000001
40,39,48,13.9
40,39,49,11.
40,39,50,9.
40,39,51,6.7
40,39,52,5.2
40,40,1,4.800000000000001
40,40,2,8.5
40,40,3,9.200000000000001
40,40,4,7.4
40,40,5,11.100000000000001
40,40,6,11.4
40,40,7,17.3
40,40,8,16.8
40,40,9,24.6
40,40,10,22.700000000000003
40,40,11,26.8
40,40,12,34.
40,40,13,30.700000000000003
40,40,14,36.300000000000004
40,40,15,34.
40,40,16,37.300000000000004
40,40,17,38.7
40,40,18,43.300000000000004
40,40,19,43.800000000000004
40,40,20,40.800000000000004
40,40,21,46.1
40,40,22,60.400000000000006
40,40,23,50.300000000000004
40,40,24,49.7
40,40,25,43.5
40,40,26,42.6
40,40,27,40.300000000000004
40,40,28,31.5
40,40,29,32.7
40,40,30,26.900000000000002
40,40,31,31.700000000000003
40,40,32,33.800000000000004
40,40,33,46.400000000000006
40,40,34,44.6
40,40,35,49.800000000000004
40,40,36,58.900000000000006
40,40,37,73.2
40,40,38,61.6
40,40,39,57.6
40,40,40,51.900000000000006
40,40,41,51.400000000000006
40,40,42,41.5
40,40,43,32.800000000000004
40,40,44,30.900000000000002
40,40,45,24.200000000000003
40,40,46,20.5
40,40,47,16.2
40,40,48,14.3
40,40,49,11.700000000000001
40,40,50,9.9
40,40,51,6.9
40,40,52,5.6000000000000005
40,41,1,6.4
40,41,2,9.9
40,41,3,11.3
40,41,4,9.4
40,41,5,13.600000000000001
40,41,6,13.9
40,41,7,19.400000000000002
40,41,8,18.7
40,41,9,27.8
40,41,10,27.900000000000002
40,41,11,31.1
40,41,12,38.5
40,41,13,34.5
40,41,14,40.7
40,41,15,37.300000000000004
40,41,16,40.400000000000006
40,41,17,40.7
40,41,18,44.6
40,41,19,45.300000000000004
40,41,20,42.400000000000006
40,41,21,48.5
40,41,22,62.1
40,41,23,52.5
40,41,24,50.7
40,41,25,42.300000000000004
40,41,26,43.1
40,41,27,37.6
40,41,28,30.5
40,41,29,30.5
40,41,30,25.400000000000002
40,41,31,30.3
40,41,32,27.3
40,41,33,44.800000000000004
40,41,34,40.6
40,41,35,49.300000000000004
40,41,36,59.7
40,41,37,68.10000000000001
40,41,38,56.800000000000004
40,41,39,54.7
40,41,40,51.900000000000006
40,41,41,51.6
40,41,42,44.1
40,41,43,35.4
40,41,44,32.5
40,41,45,27.1
40,41,46,23.1
40,41,47,18.6
40,41,48,17.7
40,41,49,14.3
40,41,50,11.3
40,41,51,8.200000000000001
40,41,52,6.6000000000000005
40,42,1,8.700000000000001
40,42,2,13.100000000000001
40,42,3,14.700000000000001
40,42,4,13.200000000000001
40,42,5,16.3
40,42,6,17.5
40,42,7,22.5
40,42,8,24.
40,42,9,32.5
40,42,10,33.300000000000004
40,42,11,36.5
40,42,12,42.7
40,42,13,39.900000000000006
40,42,14,43.400000000000006
40,42,15,40.2
40,42,16,44.400000000000006
40,42,17,43.5
40,42,18,48.900000000000006
40,42,19,45.2
40,42,20,47.1
40,42,21,50.5
40,42,22,62.400000000000006
40,42,23,56.2
40,42,24,48.800000000000004
40,42,25,39.6
40,42,26,42.6
40,42,27,36.7
40,42,28,29.200000000000003
40,42,29,28.5
40,42,30,22.6
40,42,31,26.6
40,42,32,23.5
40,42,33,41.300000000000004
40,42,34,36.2
40,42,35,45.2
40,42,36,57.5
40,42,37,60.2
40,42,38,53.900000000000006
40,42,39,52.7
40,42,40,52.1
40,42,41,52.300000000000004
40,42,42,48.2
40,42,43,41.800000000000004
40,42,44,36.800000000000004
40,42,45,32.300000000000004
40,42,46,29.5
40,42,47,25.200000000000003
40,42,48,22.8
40,42,49,18.2
40,42,50,15.700000000000001
40,42,51,10.9
40,42,52,8.9
40,43,1,14.9
40,43,2,20.8
40,43,3,22.200000000000003
40,43,4,21.900000000000002
40,43,5,27.6
40,43,6,27.200000000000003
40,43,7,35.4
40,43,8,40.400000000000006
40,43,9,47.
40,43,10,49.
40,43,11,49.900000000000006
40,43,12,57.2
40,43,13,53.400000000000006
40,43,14,53.300000000000004
40,43,15,49.300000000000004
40,43,16,55.5
40,43,17,53.900000000000006
40,43,18,61.300000000000004
40,43,19,57.300000000000004
40,43,20,59.7
40,43,21,67.2
40,43,22,80.2
40,43,23,73.9
40,43,24,61.5
40,43,25,48.2
40,43,26,51.6
40,43,27,46.2
40,43,28,36.6
40,43,29,33.9
40,43,30,27.6
40,43,31,30.400000000000002
40,43,32,27.5
40,43,33,46.2
40,43,34,42.300000000000004
40,43,35,55.1
40,43,36,63.900000000000006
40,43,37,70.4
40,43,38,68.3
40,43,39,69.8
40,43,40,67.5
40,43,41,64.60000000000001
40,43,42,65.
40,43,43,55.7
40,43,44,51.7
40,43,45,46.900000000000006
40,43,46,41.900000000000006
40,43,47,38.5
40,43,48,36.4
40,43,49,28.700000000000003
40,43,50,24.900000000000002
40,43,51,18.2
40,43,52,15.
40,44,1,19.3
40,44,2,25.200000000000003
40,44,3,26.5
40,44,4,26.400000000000002
40,44,5,32.6
40,44,6,31.700000000000003
40,44,7,40.1
40,44,8,47.400000000000006
40,44,9,52.
40,44,10,54.400000000000006
40,44,11,53.2
40,44,12,59.7
40,44,13,54.1
40,44,14,52.
40,44,15,47.6
40,44,16,53.1
40,44,17,52.2
40,44,18,58.
40,44,19,56.900000000000006
40,44,20,60.7
40,44,21,66.5
40,44,22,79.60000000000001
40,44,23,71.2
40,44,24,62.2
40,44,25,49.6
40,44,26,49.400000000000006
40,44,27,45.800000000000004
40,44,28,36.
40,44,29,32.6
40,44,30,25.8
40,44,31,29.3
40,44,32,26.5
40,44,33,45.1
40,44,34,42.300000000000004
40,44,35,55.800000000000004
40,44,36,63.300000000000004
40,44,37,69.2
40,44,38,69.7
40,44,39,72.
40,44,40,67.7
40,44,41,64.8
40,44,42,64.9
40,44,43,58.300000000000004
40,44,44,53.300000000000004
40,44,45,49.6
40,44,46,45.6
40,44,47,42.900000000000006
40,44,48,43.900000000000006
40,44,49,34.9
40,44,50,30.200000000000003
40,44,51,24.5
40,44,52,20.3
40,45,1,24.700000000000003
40,45,2,27.1
40,45,3,29.400000000000002
40,45,4,29.1
40,45,5,35.5
40,45,6,34.5
40,45,7,42.400000000000006
40,45,8,48.900000000000006
40,45,9,49.400000000000006
40,45,10,52.2
40,45,11,53.
40,45,12,59.
40,45,13,52.800000000000004
40,45,14,49.900000000000006
40,45,15,48.6
40,45,16,54.300000000000004
40,45,17,53.400000000000006
40,45,18,57.
40,45,19,57.6
40,45,20,62.
40,45,21,71.
40,45,22,85.2
40,45,23,74.10000000000001
40,45,24,66.3
40,45,25,53.
40,45,26,49.2
40,45,27,49.1
40,45,28,34.9
40,45,29,31.3
40,45,30,26.8
40,45,31,29.8
40,45,32,27.6
40,45,33,45.6
40,45,34,42.5
40,45,35,57.1
40,45,36,62.300000000000004
40,45,37,72.60000000000001
40,45,38,72.2
40,45,39,76.60000000000001
40,45,40,65.3
40,45,41,66.4
40,45,42,63.7
40,45,43,56.400000000000006
40,45,44,55.6
40,45,45,50.5
40,45,46,46.1
40,45,47,44.900000000000006
40,45,48,47.1
40,45,49,37.6
40,45,50,35.800000000000004
40,45,51,28.3
40,45,52,24.
40,46,1,24.700000000000003
40,46,2,27.8
40,46,3,30.
40,46,4,27.5
40,46,5,30.700000000000003
40,46,6,30.400000000000002
40,46,7,35.300000000000004
40,46,8,40.800000000000004
40,46,9,40.2
40,46,10,42.7
40,46,11,43.5
40,46,12,47.7
40,46,13,42.5
40,46,14,42.900000000000006
40,46,15,42.5
40,46,16,48.800000000000004
40,46,17,50.
40,46,18,55.
40,46,19,59.300000000000004
40,46,20,67.
40,46,21,79.5
40,46,22,106.4
40,46,23,85.4
40,46,24,77.5
40,46,25,61.5
40,46,26,58.900000000000006
40,46,27,55.5
40,46,28,40.5
40,46,29,35.2
40,46,30,32.7
40,46,31,34.
40,46,32,34.2
40,46,33,50.800000000000004
40,46,34,47.1
40,46,35,64.2
40,46,36,63.400000000000006
40,46,37,77.
40,46,38,74.4
40,46,39,80.9
40,46,40,61.300000000000004
40,46,41,61.7
40,46,42,56.300000000000004
40,46,43,50.900000000000006
40,46,44,49.1
40,46,45,45.
40,46,46,41.300000000000004
40,46,47,40.900000000000006
40,46,48,42.800000000000004
40,46,49,37.2
40,46,50,36.2
40,46,51,30.400000000000002
40,46,52,25.6
40,47,1,19.5
40,47,2,22.700000000000003
40,47,3,24.6
40,47,4,20.400000000000002
40,47,5,21.5
40,47,6,21.900000000000002
40,47,7,23.6
40,47,8,27.400000000000002
40,47,9,25.6
40,47,10,28.
40,47,11,30.3
40,47,12,31.400000000000002
40,47,13,28.1
40,47,14,31.700000000000003
40,47,15,31.8
40,47,16,40.5
40,47,17,41.2
40,47,18,47.5
40,47,19,55.
40,47,20,70.7
40,47,21,80.2
40,47,22,110.80000000000001
40,47,23,89.30000000000001
40,47,24,78.7
40,47,25,58.900000000000006
40,47,26,58.800000000000004
40,47,27,50.7
40,47,28,38.300000000000004
40,47,29,32.5
40,47,30,31.3
40,47,31,31.3
40,47,32,33.800000000000004
40,47,33,45.7
40,47,34,43.6
40,47,35,60.400000000000006
40,47,36,56.7
40,47,37,69.60000000000001
40,47,38,66.10000000000001
40,47,39,73.60000000000001
40,47,40,50.900000000000006
40,47,41,50.300000000000004
40,47,42,41.400000000000006
40,47,43,41.1
40,47,44,35.800000000000004
40,47,45,33.4
40,47,46,32.300000000000004
40,47,47,31.6
40,47,48,31.400000000000002
40,47,49,31.3
40,47,50,30.3
40,47,51,24.6
40,47,52,21.5
41,37,1,2.5
41,37,2,5.5
41,37,3,6.300000000000001
41,37,4,5.300000000000001
41,37,5,7.300000000000001
41,37,6,8.3
41,37,7,13.600000000000001
41,37,8,14.100000000000001
41,37,9,17.8
41,37,10,15.700000000000001
41,37,11,22.1
41,37,12,25.900000000000002
41,37,13,25.6
41,37,14,27.3
41,37,15,26.900000000000002
41,37,16,28.3
41,37,17,32.800000000000004
41,37,18,32.9
41,37,19,39.2
41,37,20,34.
41,37,21,40.1
41,37,22,46.6
41,37,23,41.6
41,37,24,39.
41,37,25,41.7
41,37,26,42.400000000000006
41,37,27,40.400000000000006
41,37,28,32.800000000000004
41,37,29,38.900000000000006
41,37,30,34.
41,37,31,36.7
41,37,32,41.6
41,37,33,52.6
41,37,34,54.2
41,37,35,58.7
41,37,36,57.
41,37,37,71.10000000000001
41,37,38,55.800000000000004
41,37,39,50.7
41,37,40,40.900000000000006
41,37,41,44.800000000000004
41,37,42,31.700000000000003
41,37,43,26.900000000000002
41,37,44,27.900000000000002
41,37,45,20.200000000000003
41,37,46,17.2
41,37,47,12.100000000000001
41,37,48,10.9
41,37,49,8.1
41,37,50,6.7
41,37,51,4.5
41,37,52,3.5
41,38,1,3.2
41,38,2,6.
41,38,3,7.1000000000000005
41,38,4,5.9
41,38,5,8.8
41,38,6,9.700000000000001
41,38,7,15.9
41,38,8,15.
41,38,9,20.5
41,38,10,18.2
41,38,11,24.700000000000003
41,38,12,28.900000000000002
41,38,13,28.6
41,38,14,31.200000000000003
41,38,15,29.1
41,38,16,31.400000000000002
41,38,17,35.2
41,38,18,35.300000000000004
41,38,19,41.6
41,38,20,36.300000000000004
41,38,21,42.5
41,38,22,52.7
41,38,23,44.7
41,38,24,42.
41,38,25,42.900000000000006
41,38,26,40.6
41,38,27,40.1
41,38,28,32.2
41,38,29,35.9
41,38,30,32.1
41,38,31,35.2
41,38,32,41.400000000000006
41,38,33,50.6
41,38,34,52.900000000000006
41,38,35,54.2
41,38,36,55.7
41,38,37,73.2
41,38,38,56.5
41,38,39,53.900000000000006
41,38,40,45.300000000000004
41,38,41,48.300000000000004
41,38,42,36.2
41,38,43,28.8
41,38,44,28.8
41,38,45,21.5
41,38,46,18.3
41,38,47,13.100000000000001
41,38,48,11.700000000000001
41,38,49,9.1
41,38,50,7.4
41,38,51,5.2
41,38,52,4.3
41,39,1,3.5
41,39,2,6.2
41,39,3,7.300000000000001
41,39,4,5.800000000000001
41,39,5,9.5
41,39,6,9.9
41,39,7,15.
41,39,8,15.600000000000001
41,39,9,20.900000000000002
41,39,10,19.
41,39,11,24.200000000000003
41,39,12,29.5
41,39,13,27.700000000000003
41,39,14,31.6
41,39,15,28.8
41,39,16,32.9
41,39,17,34.6
41,39,18,36.
41,39,19,39.5
41,39,20,36.4
41,39,21,42.2
41,39,22,55.400000000000006
41,39,23,44.2
41,39,24,43.800000000000004
41,39,25,41.2
41,39,26,38.300000000000004
41,39,27,37.4
41,39,28,29.6
41,39,29,31.400000000000002
41,39,30,28.5
41,39,31,31.200000000000003
41,39,32,37.7
41,39,33,47.6
41,39,34,45.400000000000006
41,39,35,49.900000000000006
41,39,36,54.
41,39,37,70.7
41,39,38,53.300000000000004
41,39,39,52.300000000000004
41,39,40,45.900000000000006
41,39,41,46.6
41,39,42,36.800000000000004
41,39,43,29.1
41,39,44,27.6
41,39,45,21.6
41,39,46,18.5
41,39,47,13.5
41,39,48,12.4
41,39,49,9.8
41,39,50,8.
41,39,51,5.4
41,39,52,4.3
41,40,1,4.1000000000000005
41,40,2,7.2
41,40,3,8.1
41,40,4,6.4
41,40,5,10.100000000000001
41,40,6,10.4
41,40,7,15.3
41,40,8,15.8
41,40,9,21.400000000000002
41,40,10,21.
41,40,11,25.
41,40,12,30.900000000000002
41,40,13,27.
41,40,14,32.9
41,40,15,29.900000000000002
41,40,16,33.5
41,40,17,33.800000000000004
41,40,18,38.2
41,40,19,38.300000000000004
41,40,20,36.5
41,40,21,41.400000000000006
41,40,22,56.2
41,40,23,43.6
41,40,24,46.1
41,40,25,40.400000000000006
41,40,26,37.5
41,40,27,35.1
41,40,28,27.400000000000002
41,40,29,28.400000000000002
41,40,30,25.400000000000002
41,40,31,28.200000000000003
41,40,32,31.200000000000003
41,40,33,44.2
41,40,34,39.7
41,40,35,47.5
41,40,36,54.1
41,40,37,68.
41,40,38,52.6
41,40,39,51.400000000000006
41,40,40,46.6
41,40,41,46.
41,40,42,37.9
41,40,43,29.5
41,40,44,27.900000000000002
41,40,45,22.3
41,40,46,18.7
41,40,47,14.200000000000001
41,40,48,13.
41,40,49,10.600000000000001
41,40,50,8.8
41,40,51,5.7
41,40,52,4.6000000000000005
41,41,1,5.5
41,41,2,9.3
41,41,3,10.100000000000001
41,41,4,8.4
41,41,5,12.600000000000001
41,41,6,12.8
41,41,7,17.7
41,41,8,17.900000000000002
41,41,9,25.3
41,41,10,26.6
41,41,11,29.1
41,41,12,37.
41,41,13,32.9
41,41,14,39.1
41,41,15,35.
41,41,16,38.7
41,41,17,38.400000000000006
41,41,18,44.300000000000004
41,41,19,43.300000000000004
41,41,20,41.1
41,41,21,48.300000000000004
41,41,22,61.2
41,41,23,49.900000000000006
41,41,24,52.300000000000004
41,41,25,42.900000000000006
41,41,26,41.300000000000004
41,41,27,36.1
41,41,28,29.6
41,41,29,30.8
41,41,30,26.200000000000003
41,41,31,29.700000000000003
41,41,32,28.
41,41,33,44.400000000000006
41,41,34,39.900000000000006
41,41,35,49.6
41,41,36,57.900000000000006
41,41,37,69.3
41,41,38,55.6
41,41,39,53.400000000000006
41,41,40,50.900000000000006
41,41,41,51.2
41,41,42,43.6
41,41,43,34.9
41,41,44,31.
41,41,45,25.6
41,41,46,22.6
41,41,47,17.2
41,41,48,16.1
41,41,49,13.200000000000001
41,41,50,10.600000000000001
41,41,51,7.1000000000000005
41,41,52,5.9
41,42,1,7.5
41,42,2,12.4
41,42,3,13.8
41,42,4,12.3
41,42,5,15.700000000000001
41,42,6,16.3
41,42,7,21.700000000000003
41,42,8,23.3
41,42,9,30.
41,42,10,32.800000000000004
41,42,11,33.7
41,42,12,41.900000000000006
41,42,13,38.300000000000004
41,42,14,42.400000000000006
41,42,15,38.800000000000004
41,42,16,43.1
41,42,17,41.7
41,42,18,49.300000000000004
41,42,19,45.
41,42,20,44.7
41,42,21,51.5
41,42,22,63.2
41,42,23,53.7
41,42,24,51.6
41,42,25,41.800000000000004
41,42,26,43.1
41,42,27,36.
41,42,28,29.5
41,42,29,29.900000000000002
41,42,30,24.400000000000002
41,42,31,27.
41,42,32,25.200000000000003
41,42,33,40.400000000000006
41,42,34,36.2
41,42,35,47.300000000000004
41,42,36,56.300000000000004
41,42,37,62.900000000000006
41,42,38,54.800000000000004
41,42,39,52.5
41,42,40,51.1
41,42,41,52.1
41,42,42,45.7
41,42,43,38.400000000000006
41,42,44,34.
41,42,45,29.200000000000003
41,42,46,27.6
41,42,47,22.3
41,42,48,19.8
41,42,49,16.1
41,42,50,14.3
41,42,51,9.8
41,42,52,8.1
41,43,1,12.600000000000001
41,43,2,18.900000000000002
41,43,3,20.700000000000003
41,43,4,19.400000000000002
41,43,5,25.1
41,43,6,25.
41,43,7,34.
41,43,8,37.300000000000004
41,43,9,44.1
41,43,10,48.300000000000004
41,43,11,47.300000000000004
41,43,12,54.800000000000004
41,43,13,50.6
41,43,14,51.300000000000004
41,43,15,47.7
41,43,16,53.400000000000006
41,43,17,52.
41,43,18,60.6
41,43,19,56.300000000000004
41,43,20,58.300000000000004
41,43,21,65.5
41,43,22,78.
41,43,23,67.4
41,43,24,63.
41,43,25,48.900000000000006
41,43,26,51.7
41,43,27,45.
41,43,28,37.1
41,43,29,35.800000000000004
41,43,30,28.200000000000003
41,43,31,31.6
41,43,32,29.5
41,43,33,46.800000000000004
41,43,34,42.7
41,43,35,56.
41,43,36,61.2
41,43,37,72.3
41,43,38,69.4
41,43,39,68.60000000000001
41,43,40,66.2
41,43,41,64.5
41,43,42,60.900000000000006
41,43,43,51.5
41,43,44,47.400000000000006
41,43,45,41.300000000000004
41,43,46,37.6
41,43,47,35.1
41,43,48,31.900000000000002
41,43,49,26.
41,43,50,22.1
41,43,51,16.6
41,43,52,12.9
41,44,1,17.2
41,44,2,25.
41,44,3,26.900000000000002
41,44,4,25.400000000000002
41,44,5,31.200000000000003
41,44,6,31.3
41,44,7,42.300000000000004
41,44,8,48.1
41,44,9,53.5
41,44,10,56.800000000000004
41,44,11,53.900000000000006
41,44,12,60.400000000000006
41,44,13,54.800000000000004
41,44,14,54.2
41,44,15,49.400000000000006
41,44,16,53.7
41,44,17,53.800000000000004
41,44,18,61.300000000000004
41,44,19,57.800000000000004
41,44,20,63.
41,44,21,69.7
41,44,22,83.2
41,44,23,70.5
41,44,24,65.10000000000001
41,44,25,49.1
41,44,26,52.7
41,44,27,45.5
41,44,28,36.300000000000004
41,44,29,35.1
41,44,30,27.3
41,44,31,30.6
41,44,32,28.5
41,44,33,46.900000000000006
41,44,34,43.400000000000006
41,44,35,58.6
41,44,36,63.800000000000004
41,44,37,74.2
41,44,38,74.2
41,44,39,73.2
41,44,40,69.4
41,44,41,67.2
41,44,42,66.5
41,44,43,57.
41,44,44,51.
41,44,45,45.800000000000004
41,44,46,43.300000000000004
41,44,47,40.
41,44,48,40.800000000000004
41,44,49,32.6
41,44,50,28.
41,44,51,22.700000000000003
41,44,52,19.
41,45,1,23.3
41,45,2,27.900000000000002
41,45,3,30.200000000000003
41,45,4,29.200000000000003
41,45,5,35.6
41,45,6,35.7
41,45,7,46.
41,45,8,51.900000000000006
41,45,9,54.
41,45,10,58.300000000000004
41,45,11,55.800000000000004
41,45,12,62.6
41,45,13,55.5
41,45,14,53.7
41,45,15,50.900000000000006
41,45,16,55.800000000000004
41,45,17,56.300000000000004
41,45,18,61.1
41,45,19,60.
41,45,20,64.8
41,45,21,75.5
41,45,22,89.7
41,45,23,74.4
41,45,24,69.8
41,45,25,53.
41,45,26,52.6
41,45,27,48.400000000000006
41,45,28,35.4
41,45,29,33.5
41,45,30,27.700000000000003
41,45,31,30.6
41,45,32,29.
41,45,33,46.900000000000006
41,45,34,43.900000000000006
41,45,35,60.2
41,45,36,64.5
41,45,37,77.10000000000001
41,45,38,77.30000000000001
41,45,39,77.80000000000001
41,45,40,69.2
41,45,41,70.10000000000001
41,45,42,67.10000000000001
41,45,43,57.800000000000004
41,45,44,55.800000000000004
41,45,45,50.
41,45,46,46.400000000000006
41,45,47,44.800000000000004
41,45,48,46.400000000000006
41,45,49,37.2
41,45,50,34.800000000000004
41,45,51,27.900000000000002
41,45,52,23.5
41,46,1,29.900000000000002
41,46,2,31.700000000000003
41,46,3,33.9
41,46,4,32.2
41,46,5,37.6
41,46,6,35.6
41,46,7,44.1
41,46,8,51.
41,46,9,52.7
41,46,10,55.1
41,46,11,53.300000000000004
41,46,12,60.
41,46,13,51.400000000000006
41,46,14,50.5
41,46,15,48.7
41,46,16,53.7
41,46,17,54.400000000000006
41,46,18,60.
41,46,19,61.300000000000004
41,46,20,66.60000000000001
41,46,21,77.4
41,46,22,102.30000000000001
41,46,23,80.
41,46,24,71.60000000000001
41,46,25,55.
41,46,26,51.300000000000004
41,46,27,47.400000000000006
41,46,28,32.2
41,46,29,30.5
41,46,30,27.200000000000003
41,46,31,26.700000000000003
41,46,32,28.1
41,46,33,41.800000000000004
41,46,34,37.7
41,46,35,57.6
41,46,36,56.7
41,46,37,71.10000000000001
41,46,38,70.9
41,46,39,74.3
41,46,40,63.5
41,46,41,64.4
41,46,42,59.900000000000006
41,46,43,57.1
41,46,44,53.800000000000004
41,46,45,49.900000000000006
41,46,46,46.300000000000004
41,46,47,44.800000000000004
41,46,48,47.900000000000006
41,46,49,41.400000000000006
41,46,50,41.400000000000006
41,46,51,33.4
41,46,52,29.400000000000002
41,47,1,24.6
41,47,2,26.6
41,47,3,28.5
41,47,4,25.
41,47,5,28.1
41,47,6,26.900000000000002
41,47,7,32.
41,47,8,37.2
41,47,9,37.7
41,47,10,40.1
41,47,11,39.900000000000006
41,47,12,43.400000000000006
41,47,13,36.9
41,47,14,39.
41,47,15,38.
41,47,16,45.300000000000004
41,47,17,45.7
41,47,18,52.6
41,47,19,57.2
41,47,20,70.3
41,47,21,78.4
41,47,22,107.30000000000001
41,47,23,84.4
41,47,24,73.2
41,47,25,53.
41,47,26,51.5
41,47,27,43.1
41,47,28,30.3
41,47,29,28.200000000000003
41,47,30,26.200000000000003
41,47,31,24.400000000000002
41,47,32,28.
41,47,33,37.1
41,47,34,34.6
41,47,35,53.900000000000006
41,47,36,50.
41,47,37,64.
41,47,38,62.800000000000004
41,47,39,67.
41,47,40,53.
41,47,41,53.2
41,47,42,45.1
41,47,43,47.2
41,47,44,40.7
41,47,45,38.400000000000006
41,47,46,37.300000000000004
41,47,47,35.6
41,47,48,36.6
41,47,49,35.5
41,47,50,35.5
41,47,51,27.6
41,47,52,25.200000000000003
